 Darden Restaurants - US Ops1 
Restaurant P&L - Olive GardenAugust 03, 2018 

0021449 (Federal Way WA) Current Period: FEB-2019 Currency: USD 

03:08 

OG Portland Div - Region 88 

GST/OP.WKFEB-2019 
ACTUAL 
FEB-2019 
% GST/OP.WKFEB-2018 
ACTUAL 
FEB-2018 
% GST/OP.WKACTUAL 
FEB-2019 FEB-2019 
% GST/OP.WKFEB-2018 
ACTUAL 
FEB-2018 
% GST/OP.WKFEB-2019 
ACTUAL 
FEB-2019 
% GST/OP.WKFEB-2018 
ACTUAL 
FEB-2018 
% 
Average Weekly Sales 123,789 109,625 120,961 115,978 122,231 116,098 
Guest Count 5,420 21,680 5,011 20,044 5,396 70,148 5,311 69,043 5,425 211,575 5,350 208,650 
Operating Weeks 4 4 13 13 39 39 
SALES - Food 15.62 338,739 71.8 15.11 302,850 72.5 15.42 1,081,806 72.2 15.01 1,036,383 72.1 15.62 3,305,037 72.8 14.93 3,114,355 72.2 
- Appetizers 2.10 45,576 9.7 1.94 38,829 9.3 2.01 141,010 9.4 1.94 134,128 9.3 1.96 414,933 9.1 1.89 394,759 9.1 
- Desserts 0.76 16,428 3.5 0.70 14,105 3.4 0.73 51,555 3.4 0.73 50,342 3.5 0.72 152,010 3.3 0.71 149,130 3.5 
- Total Alc Bev 1.64 35,533 7.5 1.51 30,361 7.3 1.58 111,120 7.4 1.56 107,412 7.5 1.61 340,640 7.5 1.51 315,742 7.3 
- Liquor 0.57 12,353 2.6 0.51 10,234 2.4 0.55 38,838 2.6 0.53 36,800 2.6 0.56 117,646 2.6 0.54 112,190 2.6 
- Beer 0.28 6,116 1.3 0.27 5,442 1.3 0.26 18,147 1.2 0.26 17,762 1.2 0.27 56,320 1.2 0.26 54,719 1.3 
- Wine 0.79 17,064 3.6 0.73 14,684 3.5 0.77 54,136 3.6 0.77 52,850 3.7 0.79 166,673 3.7 0.71 148,833 3.4 
- Non-Alch Bev 1.59 34,555 7.3 1.54 30,775 7.4 1.53 107,308 7.2 1.54 106,056 7.4 1.52 321,743 7.1 1.56 324,671 7.5 
- Other 1.12 24,325 5.2 1.08 21,579 5.2 1.14 79,698 5.3 1.06 73,395 5.1 1.10 232,647 5.1 1.10 229,153 5.3 
Add-On Sales 7.21 156,418 33.1 6.77 135,649 32.5 7.00 490,691 32.7 6.83 471,334 32.8 6.91 1,461,972 32.2 6.77 1,413,455 32.8 
ToGo Sales 68,105 58,339 199,581 202,587 750,104 673,307 
Private Dining 0 0 0 0 0 0 
Total Gross Sales 22.84 495,157 104.9 21.88 438,498 104.9 22.42 1,572,497 104.9 21.84 1,507,716 104.9 22.53 4,767,009 104.9 21.70 4,527,810 104.9 
- Mgr/Empl Meal -0.34 -7,447 -1.6 -0.33 -6,595 -1.6 -0.34 -23,650 -1.6 -0.33 -22,676 -1.6 -0.30 -62,734 -1.4 -0.29 -59,586 -1.4 
- Coupons -0.13 -2,793 -0.6 -0.12 -2,473 -0.6 -0.13 -8,869 -0.6 -0.12 -8,504 -0.6 -0.13 -26,886 -0.6 -0.12 -25,537 -0.6 
- Returns/Comps -0.60 -13,033 -2.8 -0.58 -11,541 -2.8 -0.59 -41,388 -2.8 -0.57 -39,683 -2.8 -0.59 -125,468 -2.8 -0.57 -119,172 -2.8 
- Other -0.00 0 -0.0 -0.00 0 -0.0 -0.00 0 -0.0 -0.00 0 -0.0 -0.04 -8,962 -0.2 -0.04 -8,512 -0.2 
Net Sales 21.77 471,885 100.0 20.85 417,889 100.0 21.36 1,498,589 100.0 20.81 1,436,854 100.0 21.47 4,542,960 100.0 20.68 4,315,003 100.0 
COS - Beef and Chicken 0.88 19,137 4.1 0.80 16,084 3.8 0.84 59,028 3.9 0.86 59,315 4.1 0.89 188,810 4.2 0.80 167,714 3.9 
- Seafood 0.51 11,117 2.4 0.51 10,307 2.5 0.54 37,935 2.5 0.50 34,286 2.4 0.51 108,152 2.4 0.50 104,411 2.4 
- Fresh Seafood 0.00 0 0.0 0.00 0 0.0 0.00 0 0.0 0.00 0 0.0 0.00 0 0.0 0.00 0 0.0 
- Other Protein 0.00 0 0.0 0.00 0 0.0 0.00 0 0.0 0.00 0 0.0 0.00 0 0.0 0.00 0 0.0 
- Total Protein 1.40 30,254 6.4 1.32 26,391 6.3 1.38 96,963 6.5 1.36 93,601 6.5 1.40 296,962 6.5 1.30 272,125 6.3 
- Non-Perishable 0.97 21,061 4.5 0.98 19,651 4.7 1.04 72,879 4.9 0.97 66,995 4.7 0.96 203,229 4.5 0.93 194,058 4.5 
- Produce 0.57 12,275 2.6 0.52 10,428 2.5 0.51 35,627 2.4 0.55 37,929 2.6 0.55 116,220 2.6 0.51 106,451 2.5 
- Dessert 0.23 5,081 1.1 0.23 4,609 1.1 0.24 16,747 1.1 0.23 16,064 1.1 0.24 51,514 1.1 0.23 47,389 1.1 
- Other/Freight 1.79 38,743 8.2 1.75 35,099 8.4 1.82 127,972 8.5 1.72 118,481 8.2 1.84 389,084 8.6 1.91 397,758 9.2 
Total Food Costs 4.95 107,414 22.8 4.80 96,178 23.0 4.99 350,188 23.4 4.82 333,070 23.2 5.00 1,057,008 23.3 4.88 1,017,781 23.6 
A vs T% 4,119 3.8 3,868 4.0 15,193 4.3 12,304 3.7 38,465 3.6 45,249 4.4 
Total Beverage Cost 0.54 11,680 16.7 0.53 10,597 17.3 0.55 38,232 17.5 0.55 37,796 17.7 0.55 115,483 17.4 0.51 107,150 16.7 
- Liquor 0.07 1,450 11.7 0.06 1,153 11.3 0.07 4,827 12.4 0.06 4,127 11.2 0.06 12,969 11.0 0.07 13,829 12.3 
- Beer 0.07 1,432 23.4 0.06 1,125 20.7 0.05 3,724 20.5 0.06 3,895 21.9 0.06 13,233 23.5 0.06 12,417 22.7 
- Wine 0.19 4,181 24.5 0.19 3,844 26.2 0.20 13,784 25.5 0.20 13,936 26.4 0.20 42,027 25.2 0.18 37,670 25.3 
- Non-Alch Bev 0.21 4,618 13.4 0.22 4,475 14.5 0.23 15,898 14.8 0.23 15,839 14.9 0.22 47,253 14.7 0.21 43,233 13.3 
Bev Alch A vs. T% 1,353 11.6 1,005 9.5 2,658 7.0 3,150 8.3 7,872 6.8 11,556 10.8 
Total Cost of Sales 5.49 119,095 25.2 5.33 106,775 25.6 5.54 388,421 25.9 5.37 370,866 25.8 5.54 1,172,491 25.8 5.39 1,124,930 26.1 
Direct Labor - Regular 6.91 149,718 31.7 6.61 132,557 31.7 6.62 464,220 31.0 6.52 450,356 31.3 6.62 1,401,468 30.8 6.49 1,354,180 31.4 
- Overtime 0.10 2,144 0.5 0.13 2,637 0.6 0.11 7,707 0.5 0.12 8,526 0.6 0.14 30,282 0.7 0.09 18,140 0.4 
- Pay Compliance/WOTC 0.00 0 0.0 0.00 0 0.0 0.00 0 0.0 0.00 0 0.0 0.00 0 0.0 0.00 0 0.0 
Total Direct Labor 7.00 151,861 32.2 6.74 135,194 32.4 6.73 471,927 31.5 6.65 458,882 31.9 6.77 1,431,750 31.5 6.58 1,372,321 31.8 
Overtime Premium $ 707 870 2,543 2,814 9,993 5,986 
Overtime Hours 113 139 406 449 1,594 955 
Total Hours vs. Expectation 15.84 -5.16 39.51 53.07 36.46 26.37 
Wage Rate 13.76 13.10 13.47 13.10 13.52 13.37 
Margin after Labor 9.27 200,929 42.6 8.78 175,920 42.1 9.10 638,241 42.6 8.79 607,105 42.3 9.16 1,938,719 42.7 8.71 1,817,752 42.1


 Darden Restaurants - US Ops2 
Restaurant P&L - Olive GardenAugust 03, 2018 

0021449 (Federal Way WA) Current Period: JUL-2018 Currency: USD 

03:08 

OG Portland Div - Region 88 

GST/OP.WKFEB-2019 
ACTUAL 
FEB-2019 
% GST/OP.WKFEB-2018 
ACTUAL 
JUL-2018 
% GST/OP.WKACTUAL 
FEB-2019 FEB-2019 
% GST/OP.WKFEB-2018 
ACTUAL 
FEB-2018 
% GST/OP.WKFEB-2019 
ACTUAL 
FEB-2019 
% GST/OP.WKFEB-2018 
ACTUAL 
FEB-2018  
% 
Variable Restaurant Expenses 0.97 20,938 4.4 0.93 18,653 4.5 1.02 71,618 4.8 0.90 61,975 4.3 0.96 202,833 4.5 0.95 197,397 4.6 
- Smallwares 0.21 4,482 0.9 0.20 4,090 1.0 0.23 15,814 1.1 0.18 12,639 0.9 0.22 47,553 1.0 0.21 43,971 1.0 
- Linen/Paper Napkins 0.08 1,727 0.4 0.10 1,994 0.5 0.08 5,695 0.4 0.10 6,604 0.5 0.09 18,782 0.4 0.10 20,906 0.5 
- Cleaning Supplies 0.11 2,395 0.5 0.12 2,486 0.6 0.13 9,269 0.6 0.13 8,832 0.6 0.11 22,774 0.5 0.11 22,129 0.5 
- Credit/Gift Card 0.41 8,789 1.9 0.35 6,967 1.7 0.39 27,340 1.8 0.31 21,647 1.5 0.37 78,795 1.7 0.37 77,406 1.8 
- Cash Short 0.06 1,254 0.3 0.05 1,017 0.2 0.07 4,715 0.3 0.06 4,135 0.3 0.06 12,069 0.3 0.06 11,817 0.3 
- Other 0.11 2,291 0.5 0.10 2,098 0.5 0.13 8,785 0.6 0.12 8,117 0.6 0.11 22,859 0.5 0.10 21,169 0.5 
Margin after Variable Exp 8.30 179,991 38.1 7.85 157,267 37.6 8.08 566,624 37.8 7.90 545,130 37.9 8.20 1,735,886 38.2 7.77 1,620,355 37.6 
Other Restaurant Exp 2,661.64 10,647 2.3 2,994.76 11,979 2.9 2,829.78 36,787 2.5 3,488.95 45,356 3.2 3,427.97 133,691 2.9 3,356.06 130,886 3.0 
- Ofc Supplies/Postage 159.40 638 0.1 159.40 638 0.2 171.66 2,232 0.1 172.64 2,244 0.2 154.73 6,035 0.1 174.46 6,804 0.2 
- Work Comp/Pub Liab 2,285.29 9,141 1.9 2,595.46 10,382 2.5 2,425.98 31,538 2.1 3,075.44 39,981 2.8 2,983.73 116,365 2.6 2,921.63 113,944 2.6 
- Employee Incentives 56.29 225 0.0 64.85 259 0.1 52.42 681 0.0 49.13 639 0.0 60.46 2,358 0.1 49.77 1,941 0.0 
- Other 160.66 643 0.1 175.05 700 0.2 179.72 2,336 0.2 191.75 2,493 0.2 229.05 8,933 0.2 210.20 8,198 0.2 
Site/Bldg/Equip Maint 9,426.29 37,705 8.0 8,648.14 34,593 8.3 9,354.65 121,611 8.1 9,422.94 122,498 8.5 9,421.62 367,443 8.1 9,201.91 358,875 8.3 
- Utilities 3,307.07 13,228 2.8 3,269.11 13,076 3.1 3,383.05 43,980 2.9 3,487.32 45,335 3.2 3,447.13 134,438 3.0 3,360.20 131,048 3.0 
- Building/Site Repair 1,360.33 5,441 1.2 1,267.91 5,072 1.2 1,269.94 16,509 1.1 1,196.24 15,551 1.1 1,402.86 54,711 1.2 1,202.59 46,901 1.1 
- Equipment Repairs 944.44 3,778 0.8 814.20 3,257 0.8 1,152.28 14,980 1.0 1,004.41 13,057 0.9 821.34 32,032 0.7 682.97 26,636 0.6 
- Contract Services 1,483.80 5,935 1.3 1,090.27 4,361 1.0 1,249.08 16,238 1.1 1,149.50 14,943 1.0 1,268.96 49,490 1.1 1,343.92 52,413 1.2 
- Depreciation 2,330.66 9,323 2.0 2,206.64 8,827 2.1 2,300.31 29,904 2.0 2,585.47 33,611 2.3 2,481.33 96,772 2.1 2,612.23 101,877 2.4 
Indirect Labor 12,858.05 51,432 10.9 12,639.94 50,560 12.1 12,900.39 167,705 11.2 12,273.74 159,559 11.1 12,855.22 501,354 11.0 12,887.61 502,617 11.6 
- Salary 4,800.00 19,200 4.1 4,800.00 19,200 4.6 4,800.00 62,400 4.2 4,800.00 62,400 4.3 4,800.00 187,200 4.1 4,800.00 187,200 4.3 
- Bonus 30.82 123 0.0 499.92 2,000 0.5 212.23 2,759 0.2 261.05 3,394 0.2 191.20 7,457 0.2 516.79 20,155 0.5 
- Other 8,027.23 32,109 6.8 7,340.03 29,360 7.0 7,888.16 102,546 6.8 7,212.69 93,765 6.5 7,864.02 306,697 6.8 7,570.82 295,262 6.8 
Indirect Operating Expenses 478.59 1,914 0.4 446.42 1,786 0.4 366.00 4,758 0.3 333.21 4,332 0.3 450.73 17,578 0.4 408.51 15,932 0.4 
- Pre-Opening/Closing 0.00 0 0.0 0.00 0 0.0 0.00 0 0.0 0.00 0 0.0 0.00 0 0.0 0.00 0 0.0 
- Other 478.59 1,914 0.4 446.42 1,786 0.4 366.00 4,758 0.3 333.21 4,332 0.3 450.73 17,578 0.4 408.51 15,932 0.4 
Marketing Expenses 6,094.10 24,376 5.2 5,104.40 20,418 4.9 5,847.28 76,015 5.1 5,570.16 72,412 5.0 5,693.72 222,055 4.9 5,607.78 218,703 5.1 
Performance Earnings 13,478.99 53,916 11.4 9,483.17 37,933 9.1 12,288.33 159,748 10.7 10,844.09 140,973 9.8 12,660.63 493,765 10.9 10,085.69 393,342 9.1 
Occupancy 6,048.70 24,195 5.1 6,066.43 24,266 5.8 6,651.38 86,468 5.8 6,757.05 87,842 6.1 6,324.45 246,654 5.4 5,868.49 228,871 5.3 
Restaurant Earnings 7,430.29 29,721 6.3 3,416.74 13,667 3.3 5,636.95 73,280 4.9 4,087.03 53,131 3.7 6,336.18 247,111 5.4 4,217.19 164,471 3.8


 Darden Restaurants - US Ops3 
Restaurant P&L - Olive Garden (GST/OP.WK/%)August 03, 2018 

0021449 (Federal Way WA) Current Period: JUL-2018 Currency: USD 03:08 
OG Portland Div - Region 88 
JUL-2018 JUN-2018 MAY-2018 APR-2018 MAR-2018 FEB-2018 JAN-2018 DEC-2017 NOV-2017 OCT-2017 SEP-2017 AUG-2017 JUL-2017 
Average Weekly Sales 122,268 109,216 136,229 130,048 126,876 119,696 124,720 122,888 119,815 124,289 126,146 114,169 116,884 
Guest Count 5,421 5,143 5,747 5,552 5,670 5,099 5,552 5,505 5,388 5,533 5,724 5,086 5,196 
Operating Weeks 4 5 4 4 5 4 4 5 4 4 5 4 4 
Food / Other Sales 16.35 16.03 17.00 16.83 15.91 17.45 17.26 16.33 16.13 17.09 16.91 16.97 17.24 
Add-on Sales 6.21 5.21 6.71 6.60 6.46 6.02 5.20 6.00 6.11 5.38 5.13 5.48 5.25 
Total Gross Sales 22.55 21.24 23.70 23.42 22.38 23.47 22.46 22.32 22.24 22.46 22.04 22.45 22.49 
Total Discounts -1.06 -1.00 -1.11 -1.10 -1.05 -1.10 -1.06 -1.05 -1.05 -1.06 -1.04 -1.06 -1.06 
Net Sales 21.49 20.24 22.59 22.32 21.33 22.37 21.41 21.27 21.19 21.41 21.00 21.39 21.44 
Memo - Alc Bev Sales 1.47 1.45 1.47 1.36 1.37 1.44 1.37 1.50 1.38 1.51 1.40 1.36 1.44 
- ToGo Sales 14.2 % 13.4 % 13.0 % 12.2 % 12.9 % 14.1 % 14.4 % 11.6 % 11.8 % 12.8 % 15.0 % 15.0 % 12.6 % 
- Private Dining 0.0 % 0.0 % 0.0 % 0.0 % 0.0 % 0.0 % 0.0 % 0.0 % 0.0 % 0.0 % 0.0 % 0.0 % 0.0 % 
- Return/Comps -0.45 -0.48 -0.44 -0.42 -0.46 -0.47 -0.42 -0.46 -0.44 -0.43 -0.43 -0.42 -0.46 
Total Food Cost 4.37 4.47 4.47 4.19 4.52 4.10 4.44 4.18 4.32 4.14 4.24 4.39 4.25 
Total Food Cost % 24.1 % 22.3 % 22.9 % 22.0 % 23.2 % 24.1 % 22.0 % 24.9 % 24.8 % 22.6 % 23.3 % 22.8 % 24.2 % 
A vs. T % 7.1 % 11.5 % 8.5 % 9.4 % 9.5 % 8.6 % 8.1 % 8.9 % 11.7 % 7.9 % 8.9 % 8.8 % 8.4 % 
Total Beverage Cost % 16.2 % 16.0 % 18.2 % 16.7 % 18.4 % 18.7 % 17.1 % 18.8 % 18.3 % 17.3 % 18.2 % 18.2 % 16.9 % 
Bev Alc A vs. T % 16.7 % 8.6 % 8.2 % 5.1 % -1.6 % 11.6 % 5.9 % -1.0 % 9.9 % 16.2 % 14.1 % 12.0 % -1.4 % 
Total Cost Of Sales 4.83 4.95 4.99 4.66 5.04 4.62 4.97 4.67 4.85 4.62 4.70 4.87 4.79 
Total Costs Of Sales % 23.4 % 25.4 % 24.9 % 23.3 % 23.0 % 25.0 % 23.5 % 24.3 % 24.0 % 23.7 % 24.0 % 23.3 % 22.5 % 
Direct Labor - Regular 6.45 6.07 6.61 6.00 6.49 6.28 6.02 6.05 6.50 6.05 6.31 6.16 6.59 
Total Direct Labor 6.58 6.17 6.70 6.11 6.67 6.45 6.12 6.11 6.55 6.15 6.38 6.29 6.77 
Total Direct Labor % 30.7 % 31.5 % 30.3 % 32.6 % 31.4 % 32.3 % 29.5 % 30.6 % 32.9 % 30.4 % 32.8 % 32.5 % 29.5 % 
Total Hours vs. Expectation -9 -59 22 -47 -31 -60 -41 40 25 -21 49 -64 -15 
Wage Rate 12.74 13.58 12.73 13.12 13.17 12.63 13.51 13.50 13.09 12.90 12.98 13.15 12.99 
Margin After Labor 10.09 9.11 10.91 11.56 9.61 11.30 10.32 10.49 9.79 10.64 9.92 10.23 9.88 
Margin after Labor % 47.3 % 44.7 % 45.9 % 47.6 % 45.6 % 42.5 % 46.7 % 46.1 % 44.6 % 45.1 % 45.8 % 47.4 % 44.3 % 
Variable Restaurant Expense 0.87 0.59 0.77 0.67 0.71 0.80 0.74 0.55 0.62 0.75 0.83 0.69 0.62 
Margin after Variable Rest Exp 9.22 8.52 10.14 10.89 8.90 10.50 9.58 9.94 9.17 9.88 9.09 9.54 9.26 
Margin after Variable Rest Exp % 37.6 % 37.6 % 37.9 % 38.6 % 42.9 % 38.0 % 42.8 % 44.5 % 44.6 % 42.3 % 42.6 % 43.4 % 39.4 % 
Other Restaurant Expense 713 2,824 565 3,039 2,944 2,473 2,478 2,166 2,579 1,198 2,346 1,034 2,684 
Other Restaurant Expenses % 0.4 % 1.2 % 2.9 % 2.8 % 2.4 % 2.7 % 1.1 % 0.8 % 0.5 % 2.9 % 2.8 % 1.6 % 0.5 % 
Site/Building/Equipment Maintenance 7,040 8,039 6,861 9,174 9,112 9,789 6,545 9,280 6,519 9,175 9,984 7,669 7,947 
Site/Building/Equipment Maintenance % 6.0 % 9.3 % 8.5 % 9.0 % 9.5 % 8.4 % 6.9 % 6.9 % 9.8 % 7.7 % 7.3 % 7.7 % 6.7 % 
Indirect Labor 11,828 11,017 11,941 12,821 12,500 11,284 12,079 11,024 11,401 12,520 12,816 12,556 12,080 
Indirect Labor % 10.5 % 11.1 % 10.6 % 11.3 % 11.5 % 11.1 % 11.1 % 10.7 % 12.1 % 11.9 % 12.1 % 11.1 % 12.2 % 
Indirect Op Expenses 278 353 378 270 373 350 282 361 331 273 344 352 299 
Indirect Op Expenses % 0.3 % 0.3 % 0.3 % 0.3 % 0.3 % 0.3 % 0.3 % 0.3 % 0.3 % 0.3 % 0.3 % 0.3 % 0.3 % 
Marketing Expense 5,017 5,526 5,153 6,165 5,946 5,124 6,326 5,492 4,861 5,207 4,781 5,028 5,810 
Marketing Expense % 5.0 % 4.7 % 5.8 % 4.6 % 5.5 % 5.5 % 4.8 % 5.1 % 5.4 % 5.2 % 5.2 % 5.4 % 5.7 % 
Performance Earnings 18,597 12,312 14,361 11,287 21,034 11,606 20,835 15,946 17,084 12,064 21,161 16,848 11,445 
Performance Earnings % 13.3 % 15.9 % 13.0 % 19.6 % 12.7 % 19.7 % 12.5 % 13.8 % 19.7 % 13.1 % 13.1 % 19.1 % 14.3 % 
Occupancy 6,054 5,533 6,048 5,101 6,183 6,021 5,697 5,666 5,669 5,080 6,229 5,895 5,410 
Occupancy % 5.7 % 5.2 % 5.9 % 4.8 % 5.9 % 5.8 % 5.7 % 5.9 % 4.6 % 5.8 % 5.4 % 5.7 % 5.4 % 
Restaurant Earnings 16,853 8,906 9,578 16,377 17,382 7,307 8,448 6,488 4,684 5,107 9,317 9,658 14,923 
Restaurant Earnings % 6.7 % 14.6 % 12.0 % 13.6 % 10.6 % 6.1 % 12.5 % 14.4 % 4.6 % 7.2 % 6.0 % 8.5 % 11.3 % 


