 Darden Restaurants - US Ops1 
Restaurant P&L - Olive GardenAugust 03, 2018 

0021780 (Vancouver Mill Plain, WA) Current Period: FEB-2019 Currency: USD 

03:08 

OG Portland Div - Region 88 

GST/OP.WKFEB-2019 
ACTUAL 
FEB-2019 
% GST/OP.WKFEB-2018 
ACTUAL 
FEB-2018 
% GST/OP.WKACTUAL 
FEB-2019 FEB-2019 
% GST/OP.WKFEB-2018 
ACTUAL 
FEB-2018 
% GST/OP.WKFEB-2019 
ACTUAL 
FEB-2019 
% GST/OP.WKFEB-2018 
ACTUAL 
FEB-2018 
% 
Average Weekly Sales 88,816 79,482 88,939 81,224 86,431 83,102 
Guest Count 4,232 16,928 3,948 15,792 4,254 55,302 4,074 52,962 4,160 162,240 4,134 161,226 
Operating Weeks 4 4 13 13 39 39 
SALES - Food 14.43 244,187 72.1 13.92 219,809 72.5 14.40 796,332 72.3 13.72 726,636 72.2 14.42 2,339,974 72.8 13.78 2,221,942 71.9 
- Appetizers 1.91 32,379 9.6 1.79 28,337 9.4 1.86 102,979 9.3 1.78 94,069 9.3 1.81 293,338 9.1 1.88 303,052 9.8 
- Desserts 0.67 11,405 3.4 0.64 10,088 3.3 0.67 36,875 3.3 0.65 34,574 3.4 0.70 113,668 3.5 0.66 106,310 3.4 
- Total Alc Bev 1.49 25,305 7.5 1.40 22,097 7.3 1.44 79,877 7.2 1.38 72,857 7.2 1.42 230,107 7.2 1.41 227,590 7.4 
- Liquor 0.51 8,656 2.6 0.49 7,693 2.5 0.49 26,886 2.4 0.47 24,677 2.5 0.48 77,890 2.4 0.49 79,229 2.6 
- Beer 0.25 4,301 1.3 0.25 3,950 1.3 0.25 13,689 1.2 0.23 12,207 1.2 0.24 39,446 1.2 0.25 40,263 1.3 
- Wine 0.73 12,349 3.6 0.66 10,454 3.5 0.71 39,302 3.6 0.68 35,974 3.6 0.70 112,772 3.5 0.67 108,098 3.5 
- Non-Alch Bev 1.45 24,604 7.3 1.38 21,782 7.2 1.47 81,409 7.4 1.44 76,118 7.6 1.42 230,382 7.2 1.35 218,063 7.1 
- Other 1.03 17,385 5.1 1.00 15,815 5.2 1.06 58,734 5.3 0.98 51,660 5.1 1.01 163,338 5.1 1.02 164,025 5.3 
Add-On Sales 6.56 111,078 32.8 6.21 98,119 32.4 6.51 359,874 32.7 6.22 329,278 32.7 6.35 1,030,834 32.1 6.32 1,019,041 33.0 
ToGo Sales 46,062 45,661 173,875 164,016 475,831 485,000 
Private Dining 0 0 0 0 0 0 
Total Gross Sales 20.99 355,265 104.9 20.13 317,928 104.9 20.91 1,156,206 104.9 19.94 1,055,914 104.9 20.78 3,370,808 104.9 20.10 3,240,982 104.9 
- Mgr/Empl Meal -0.32 -5,343 -1.6 -0.30 -4,782 -1.6 -0.31 -17,389 -1.6 -0.30 -15,881 -1.6 -0.27 -44,360 -1.4 -0.26 -42,651 -1.4 
- Coupons -0.12 -2,004 -0.6 -0.11 -1,793 -0.6 -0.12 -6,521 -0.6 -0.11 -5,955 -0.6 -0.12 -19,011 -0.6 -0.11 -18,279 -0.6 
- Returns/Comps -0.55 -9,351 -2.8 -0.53 -8,368 -2.8 -0.55 -30,431 -2.8 -0.52 -27,792 -2.8 -0.55 -88,720 -2.8 -0.53 -85,303 -2.8 
- Other -0.00 0 -0.0 -0.00 0 -0.0 -0.00 0 -0.0 -0.00 0 -0.0 -0.04 -6,337 -0.2 -0.04 -6,093 -0.2 
Net Sales 20.00 338,567 100.0 19.19 302,986 100.0 19.92 1,101,864 100.0 19.00 1,006,286 100.0 19.80 3,212,380 100.0 19.16 3,088,656 100.0 
COS - Beef and Chicken 0.79 13,351 3.9 0.75 11,890 3.9 0.79 43,452 3.9 0.74 39,155 3.9 0.83 134,560 4.2 0.76 123,257 4.0 
- Seafood 0.49 8,264 2.4 0.48 7,611 2.5 0.46 25,413 2.3 0.46 24,267 2.4 0.47 75,661 2.4 0.45 71,828 2.3 
- Fresh Seafood 0.00 0 0.0 0.00 0 0.0 0.00 0 0.0 0.00 0 0.0 0.00 0 0.0 0.00 0 0.0 
- Other Protein 0.00 0 0.0 0.00 0 0.0 0.00 0 0.0 0.00 0 0.0 0.00 0 0.0 0.00 0 0.0 
- Total Protein 1.28 21,616 6.4 1.23 19,501 6.4 1.25 68,865 6.2 1.20 63,421 6.3 1.30 210,221 6.5 1.21 195,085 6.3 
- Non-Perishable 0.89 15,141 4.5 0.93 14,697 4.9 0.92 50,931 4.6 0.87 46,127 4.6 0.96 155,351 4.8 0.88 142,227 4.6 
- Produce 0.49 8,379 2.5 0.48 7,521 2.5 0.52 28,571 2.6 0.47 24,805 2.5 0.51 82,342 2.6 0.48 77,329 2.5 
- Dessert 0.21 3,502 1.0 0.22 3,517 1.2 0.21 11,510 1.0 0.20 10,513 1.0 0.21 33,407 1.0 0.22 35,622 1.2 
- Other/Freight 1.72 29,197 8.6 1.74 27,494 9.1 1.68 92,653 8.4 1.58 83,417 8.3 1.79 290,181 9.0 1.59 256,060 8.3 
Total Food Costs 4.60 77,835 23.0 4.61 72,729 24.0 4.57 252,530 22.9 4.31 228,284 22.7 4.76 771,502 24.0 4.38 706,323 22.9 
A vs T% 3,339 4.3 3,002 4.1 11,842 4.7 9,300 4.1 30,025 3.9 30,418 4.3 
Total Beverage Cost 0.51 8,567 17.2 0.49 7,687 17.5 0.53 29,061 18.0 0.48 25,395 17.0 0.49 80,271 17.4 0.47 76,254 17.1 
- Liquor 0.06 1,066 12.3 0.06 907 11.8 0.06 3,162 11.8 0.05 2,732 11.1 0.06 9,545 12.3 0.06 8,891 11.2 
- Beer 0.06 959 22.3 0.06 893 22.6 0.06 3,179 23.2 0.05 2,504 20.5 0.06 9,300 23.6 0.05 8,355 20.8 
- Wine 0.19 3,276 26.5 0.17 2,661 25.5 0.19 10,597 27.0 0.17 8,780 24.4 0.18 28,840 25.6 0.17 27,996 25.9 
- Non-Alch Bev 0.19 3,266 13.3 0.20 3,226 14.8 0.22 12,122 14.9 0.21 11,379 14.9 0.20 32,586 14.1 0.19 31,011 14.2 
Bev Alch A vs. T% 598 7.0 650 8.5 1,617 5.6 2,180 8.6 5,401 6.7 5,310 7.0 
Total Cost of Sales 5.10 86,402 25.5 5.09 80,416 26.5 5.09 281,590 25.6 4.79 253,679 25.2 5.25 851,773 26.5 4.85 782,577 25.3 
Direct Labor - Regular 6.30 106,728 31.5 5.94 93,861 31.0 6.32 349,289 31.7 5.96 315,506 31.4 6.20 1,005,188 31.3 5.87 946,007 30.6 
- Overtime 0.07 1,125 0.3 0.09 1,437 0.5 0.08 4,674 0.4 0.10 5,358 0.5 0.07 11,963 0.4 0.12 18,733 0.6 
- Pay Compliance/WOTC 0.00 0 0.0 0.00 0 0.0 0.00 0 0.0 0.00 0 0.0 0.00 0 0.0 0.00 0 0.0 
Total Direct Labor 6.37 107,853 31.9 6.03 95,298 31.5 6.40 353,963 32.1 6.06 320,864 31.9 6.27 1,017,152 31.7 5.98 964,740 31.2 
Overtime Premium $ 371 474 1,542 1,768 3,948 6,182 
Overtime Hours 59 76 246 282 630 986 
Total Hours vs. Expectation 11.13 54.33 34.60 53.98 46.01 11.30 
Wage Rate 13.69 13.37 13.80 13.11 13.56 13.01 
Margin after Labor 8.53 144,312 42.6 8.06 127,271 42.0 8.43 466,311 42.3 8.15 431,743 42.9 8.28 1,343,455 41.8 8.32 1,341,339 43.4


 Darden Restaurants - US Ops2 
Restaurant P&L - Olive GardenAugust 03, 2018 

0021780 (Vancouver Mill Plain, WA) Current Period: JUL-2018 Currency: USD 

03:08 

OG Portland Div - Region 88 

GST/OP.WKFEB-2019 
ACTUAL 
FEB-2019 
% GST/OP.WKFEB-2018 
ACTUAL 
JUL-2018 
% GST/OP.WKACTUAL 
FEB-2019 FEB-2019 
% GST/OP.WKFEB-2018 
ACTUAL 
FEB-2018 
% GST/OP.WKFEB-2019 
ACTUAL 
FEB-2019 
% GST/OP.WKFEB-2018 
ACTUAL 
FEB-2018  
% 
Variable Restaurant Expenses 0.85 14,429 4.3 0.91 14,293 4.7 0.83 45,781 4.2 0.85 45,166 4.5 0.85 137,951 4.3 0.88 142,483 4.6 
- Smallwares 0.20 3,313 1.0 0.18 2,873 0.9 0.16 8,774 0.8 0.20 10,522 1.0 0.17 27,988 0.9 0.17 28,145 0.9 
- Linen/Paper Napkins 0.07 1,214 0.4 0.07 1,154 0.4 0.09 5,029 0.5 0.09 4,933 0.5 0.09 14,410 0.4 0.09 15,289 0.5 
- Cleaning Supplies 0.13 2,116 0.6 0.11 1,727 0.6 0.09 5,235 0.5 0.10 5,512 0.5 0.10 16,671 0.5 0.12 19,712 0.6 
- Credit/Gift Card 0.30 5,041 1.5 0.38 6,030 2.0 0.34 18,824 1.7 0.31 16,632 1.7 0.31 50,763 1.6 0.36 57,438 1.9 
- Cash Short 0.05 806 0.2 0.06 994 0.3 0.05 2,926 0.3 0.05 2,768 0.3 0.07 10,705 0.3 0.05 7,390 0.2 
- Other 0.11 1,940 0.6 0.10 1,516 0.5 0.09 4,992 0.5 0.09 4,798 0.5 0.11 17,415 0.5 0.09 14,509 0.5 
Margin after Variable Exp 7.67 129,884 38.4 7.15 112,978 37.3 7.60 420,530 38.2 7.30 386,577 38.4 7.43 1,205,504 37.5 7.44 1,198,856 38.8 
Other Restaurant Exp 2,102.42 8,410 2.5 1,923.68 7,695 2.5 2,220.59 28,868 2.6 1,961.13 25,495 2.5 2,610.46 101,808 3.2 2,330.20 90,878 2.9 
- Ofc Supplies/Postage 194.57 778 0.2 198.72 795 0.3 182.66 2,375 0.2 170.38 2,215 0.2 195.10 7,609 0.2 167.67 6,539 0.2 
- Work Comp/Pub Liab 1,660.55 6,642 2.0 1,489.53 5,958 2.0 1,797.57 23,368 2.1 1,574.76 20,472 2.0 2,173.89 84,782 2.6 1,896.05 73,946 2.4 
- Employee Incentives 52.20 209 0.1 59.30 237 0.1 74.54 969 0.1 45.11 586 0.1 71.49 2,788 0.1 55.54 2,166 0.1 
- Other 195.11 780 0.2 176.13 705 0.2 165.82 2,156 0.2 170.88 2,221 0.2 169.98 6,629 0.2 210.94 8,227 0.3 
Site/Bldg/Equip Maint 7,230.89 28,924 8.5 6,343.96 25,376 8.4 7,016.10 91,209 8.3 6,095.07 79,236 7.9 6,827.90 266,288 8.3 6,542.29 255,149 8.3 
- Utilities 2,480.65 9,923 2.9 2,186.89 8,748 2.9 2,696.31 35,052 3.2 2,239.25 29,110 2.9 2,474.77 96,516 3.0 2,530.91 98,706 3.2 
- Building/Site Repair 1,106.50 4,426 1.3 893.39 3,574 1.2 858.51 11,161 1.0 880.48 11,446 1.1 904.92 35,292 1.1 900.01 35,101 1.1 
- Equipment Repairs 773.80 3,095 0.9 648.96 2,596 0.9 534.87 6,953 0.6 490.88 6,381 0.6 683.25 26,647 0.8 607.59 23,696 0.8 
- Contract Services 1,048.66 4,195 1.2 918.44 3,674 1.2 1,063.63 13,827 1.3 1,003.35 13,044 1.3 972.60 37,931 1.2 853.00 33,267 1.1 
- Depreciation 1,821.28 7,285 2.2 1,696.29 6,785 2.2 1,862.78 24,216 2.2 1,481.10 19,254 1.9 1,792.36 69,902 2.2 1,650.77 64,380 2.1 
Indirect Labor 11,058.36 44,233 13.1 10,408.65 41,635 13.7 10,943.36 142,264 12.9 10,833.11 140,830 14.0 10,823.32 422,109 13.1 10,158.10 396,166 12.8 
- Salary 4,800.00 19,200 5.7 4,800.00 19,200 6.3 4,800.00 62,400 5.7 4,800.00 62,400 6.2 4,800.00 187,200 5.8 4,800.00 187,200 6.1 
- Bonus 515.60 2,062 0.6 553.42 2,214 0.7 107.62 1,399 0.1 516.96 6,721 0.7 167.80 6,544 0.2 46.04 1,796 0.1 
- Other 5,742.77 22,971 6.8 5,055.23 20,221 6.7 6,035.74 78,465 7.1 5,516.14 71,710 7.1 5,855.51 228,365 7.1 5,312.06 207,170 6.7 
Indirect Operating Expenses 264.91 1,060 0.3 273.09 1,092 0.4 269.54 3,504 0.3 273.96 3,561 0.4 255.65 9,970 0.3 238.93 9,318 0.3 
- Pre-Opening/Closing 0.00 0 0.0 0.00 0 0.0 0.00 0 0.0 0.00 0 0.0 0.00 0 0.0 0.00 0 0.0 
- Other 264.91 1,060 0.3 273.09 1,092 0.4 269.54 3,504 0.3 273.96 3,561 0.4 255.65 9,970 0.3 238.93 9,318 0.3 
Marketing Expenses 4,247.56 16,990 5.0 3,789.66 15,159 5.0 4,121.56 53,580 4.9 3,817.63 49,629 4.9 4,291.43 167,366 5.2 4,193.77 163,557 5.3 
Performance Earnings 7,566.75 30,267 8.9 5,505.46 22,022 7.3 7,777.29 101,105 9.2 6,755.82 87,826 8.7 6,101.59 237,962 7.4 7,276.60 283,787 9.2 
Occupancy 4,719.92 18,880 5.6 4,461.75 17,847 5.9 5,081.15 66,055 6.0 4,786.81 62,229 6.2 4,561.61 177,903 5.5 4,064.81 158,528 5.1 
Restaurant Earnings 2,846.83 11,387 3.4 1,043.71 4,175 1.4 2,696.15 35,050 3.2 1,969.01 25,597 2.5 1,539.98 60,059 1.9 3,211.79 125,260 4.1


 Darden Restaurants - US Ops3 
Restaurant P&L - Olive Garden (GST/OP.WK/%)August 03, 2018 

0021780 (Vancouver Mill Plain, WA) Current Period: JUL-2018 Currency: USD 03:08 
OG Portland Div - Region 88 
JUL-2018 JUN-2018 MAY-2018 APR-2018 MAR-2018 FEB-2018 JAN-2018 DEC-2017 NOV-2017 OCT-2017 SEP-2017 AUG-2017 JUL-2017 
Average Weekly Sales 99,554 90,571 94,691 83,385 83,126 79,853 87,608 86,416 86,440 78,393 97,858 87,528 92,758 
Guest Count 4,596 4,223 4,566 4,084 3,940 3,869 3,976 4,174 4,054 3,933 4,456 4,264 4,385 
Operating Weeks 4 5 4 4 5 4 4 5 4 4 5 4 4 
Food / Other Sales 15.50 16.48 15.11 15.28 16.24 15.46 16.41 14.89 15.64 15.17 16.54 15.11 15.05 
Add-on Sales 6.16 4.97 5.63 5.13 4.86 5.18 5.62 5.81 5.68 4.76 5.42 5.42 6.10 
Total Gross Sales 21.66 21.45 20.74 20.42 21.10 20.64 22.03 20.70 21.32 19.93 21.96 20.53 21.15 
Total Discounts -1.02 -1.01 -0.97 -0.96 -0.99 -0.97 -1.04 -0.97 -1.00 -0.94 -1.03 -0.96 -0.99 
Net Sales 20.64 20.44 19.76 19.46 20.11 19.67 21.00 19.73 20.32 19.00 20.93 19.56 20.16 
Memo - Alc Bev Sales 1.37 1.50 1.32 1.32 1.51 1.42 1.34 1.40 1.33 1.53 1.44 1.44 1.49 
- ToGo Sales 13.5 % 12.0 % 14.5 % 13.9 % 15.2 % 15.0 % 14.0 % 14.3 % 13.5 % 15.1 % 14.0 % 12.4 % 15.2 % 
- Private Dining 0.0 % 0.0 % 0.0 % 0.0 % 0.0 % 0.0 % 0.0 % 0.0 % 0.0 % 0.0 % 0.0 % 0.0 % 0.0 % 
- Return/Comps -0.42 -0.41 -0.49 -0.43 -0.51 -0.48 -0.42 -0.51 -0.46 -0.41 -0.42 -0.47 -0.44 
Total Food Cost 4.39 4.46 4.13 4.16 4.28 4.50 4.16 4.26 4.31 4.09 4.40 4.25 4.48 
Total Food Cost % 22.3 % 23.6 % 22.7 % 22.5 % 24.3 % 24.1 % 22.6 % 24.6 % 23.8 % 23.9 % 22.3 % 22.1 % 23.7 % 
A vs. T % 9.3 % 11.4 % 7.3 % 10.6 % 7.1 % 10.7 % 9.3 % 11.0 % 11.3 % 9.4 % 8.4 % 9.7 % 9.5 % 
Total Beverage Cost % 17.1 % 18.8 % 18.3 % 16.5 % 16.5 % 18.9 % 18.0 % 18.5 % 17.6 % 17.7 % 18.4 % 16.5 % 17.4 % 
Bev Alc A vs. T % 13.0 % -0.6 % 5.9 % 4.6 % 14.8 % 11.8 % 4.0 % 5.7 % 15.2 % 8.9 % 10.2 % 16.2 % 7.1 % 
Total Cost Of Sales 4.89 4.95 4.68 4.62 4.79 4.99 4.61 4.80 4.85 4.56 4.93 4.74 4.94 
Total Costs Of Sales % 24.5 % 23.4 % 23.9 % 22.7 % 23.6 % 25.2 % 25.1 % 22.8 % 23.7 % 23.4 % 25.2 % 24.4 % 24.2 % 
Direct Labor - Regular 6.26 6.58 6.20 6.29 6.15 6.49 6.12 6.29 6.35 6.38 6.60 6.10 6.70 
Total Direct Labor 6.33 6.74 6.29 6.40 6.32 6.67 6.19 6.41 6.48 6.45 6.74 6.21 6.86 
Total Direct Labor % 30.4 % 30.7 % 32.9 % 30.4 % 31.2 % 29.7 % 30.0 % 33.2 % 29.8 % 31.8 % 29.4 % 30.8 % 30.6 % 
Total Hours vs. Expectation -63 -68 23 -43 -40 -59 67 5 -6 62 77 -52 -51 
Wage Rate 13.16 12.82 13.49 13.31 13.13 13.40 12.80 13.04 12.64 13.15 12.66 13.23 13.34 
Margin After Labor 9.42 8.75 8.79 8.44 9.00 8.01 10.19 8.52 9.00 7.99 9.26 8.61 8.36 
Margin after Labor % 45.8 % 42.5 % 46.5 % 42.4 % 46.2 % 43.6 % 41.7 % 46.0 % 41.5 % 42.4 % 45.9 % 47.6 % 44.8 % 
Variable Restaurant Expense 0.78 0.89 0.68 0.65 0.63 0.84 0.85 0.78 0.60 0.70 0.72 0.83 0.77 
Margin after Variable Rest Exp 8.64 7.86 8.12 7.79 8.36 7.17 9.34 7.74 8.40 7.30 8.54 7.78 7.59 
Margin after Variable Rest Exp % 41.9 % 44.0 % 40.0 % 40.8 % 41.9 % 42.4 % 42.2 % 38.3 % 42.9 % 41.1 % 37.4 % 42.5 % 41.8 % 
Other Restaurant Expense 2,506 500 925 1,076 2,365 1,158 1,388 1,921 953 2,388 2,987 1,254 1,670 
Other Restaurant Expenses % 0.6 % 1.3 % 0.6 % 0.7 % 2.7 % 1.0 % 1.6 % 0.7 % 1.2 % 1.9 % 1.5 % 0.9 % 2.2 % 
Site/Building/Equipment Maintenance 9,087 8,014 6,784 7,936 9,208 9,665 7,773 7,035 8,683 7,798 8,172 9,250 10,232 
Site/Building/Equipment Maintenance % 8.7 % 6.7 % 6.5 % 9.4 % 9.1 % 6.9 % 6.4 % 6.5 % 9.8 % 9.5 % 7.5 % 8.9 % 7.7 % 
Indirect Labor 12,135 12,505 12,812 11,063 12,174 12,953 12,502 12,600 12,417 12,028 12,806 11,166 12,009 
Indirect Labor % 11.1 % 12.1 % 11.6 % 11.9 % 11.2 % 12.0 % 10.6 % 11.2 % 11.5 % 10.8 % 11.2 % 10.5 % 11.9 % 
Indirect Op Expenses 279 290 376 348 273 317 370 306 343 277 274 327 340 
Indirect Op Expenses % 0.3 % 0.3 % 0.3 % 0.3 % 0.3 % 0.3 % 0.3 % 0.3 % 0.3 % 0.3 % 0.3 % 0.3 % 0.3 % 
Marketing Expense 4,885 5,431 5,771 6,022 6,276 5,659 5,935 6,024 5,977 5,021 5,784 5,725 5,255 
Marketing Expense % 5.1 % 4.7 % 5.2 % 5.2 % 5.2 % 5.2 % 5.6 % 5.1 % 5.8 % 5.3 % 5.3 % 5.1 % 4.9 % 
Performance Earnings 16,112 11,693 21,604 15,594 16,311 12,735 11,307 13,662 13,820 15,071 21,925 13,266 19,256 
Performance Earnings % 11.0 % 18.2 % 11.3 % 11.9 % 18.9 % 11.4 % 11.0 % 17.6 % 10.1 % 19.8 % 20.4 % 18.6 % 14.3 % 
Occupancy 5,044 5,115 5,021 5,860 5,649 6,286 5,773 5,294 5,885 5,381 5,272 5,518 5,548 
Occupancy % 4.7 % 5.9 % 5.7 % 4.5 % 5.8 % 5.8 % 5.4 % 5.4 % 5.7 % 5.8 % 5.8 % 4.7 % 5.8 % 
Restaurant Earnings 14,148 7,432 4,837 4,793 5,450 13,998 5,072 5,702 15,958 4,934 4,622 14,617 7,035 
Restaurant Earnings % 12.9 % 5.4 % 4.7 % 10.9 % 15.9 % 15.2 % 9.3 % 10.6 % 13.8 % 8.4 % 9.2 % 13.7 % 8.8 % 


