 Darden Restaurants - US Ops1 
Restaurant P&L - Olive GardenAugust 03, 2018 

0021448 (Olympia, WA) Current Period: FEB-2019 Currency: USD 

03:08 

OG Portland Div - Region 88 

GST/OP.WKFEB-2019 
ACTUAL 
FEB-2019 
% GST/OP.WKFEB-2018 
ACTUAL 
FEB-2018 
% GST/OP.WKACTUAL 
FEB-2019 FEB-2019 
% GST/OP.WKFEB-2018 
ACTUAL 
FEB-2018 
% GST/OP.WKFEB-2019 
ACTUAL 
FEB-2019 
% GST/OP.WKFEB-2018 
ACTUAL 
FEB-2018 
% 
Average Weekly Sales 132,483 119,254 131,235 122,592 131,668 123,945 
Guest Count 6,184 24,736 5,736 22,944 6,128 79,664 5,936 77,168 6,195 241,605 6,033 235,287 
Operating Weeks 4 4 13 13 39 39 
SALES - Food 14.69 363,386 72.0 14.21 326,092 71.7 14.76 1,175,989 72.3 14.31 1,104,073 72.7 14.60 3,526,891 72.1 14.21 3,342,838 72.6 
- Appetizers 1.97 48,761 9.7 1.89 43,374 9.5 1.90 151,498 9.3 1.79 138,161 9.1 1.94 468,890 9.6 1.80 422,844 9.2 
- Desserts 0.68 16,802 3.3 0.70 16,123 3.5 0.68 54,241 3.3 0.67 51,801 3.4 0.72 175,038 3.6 0.66 155,735 3.4 
- Total Alc Bev 1.47 36,366 7.2 1.48 33,987 7.5 1.45 115,367 7.1 1.46 112,701 7.4 1.45 350,977 7.2 1.44 338,328 7.3 
- Liquor 0.51 12,518 2.5 0.51 11,757 2.6 0.50 39,746 2.4 0.48 37,364 2.5 0.50 120,674 2.5 0.48 111,825 2.4 
- Beer 0.25 6,253 1.2 0.24 5,608 1.2 0.25 19,725 1.2 0.25 19,412 1.3 0.25 60,857 1.2 0.26 60,206 1.3 
- Wine 0.71 17,595 3.5 0.72 16,622 3.7 0.70 55,896 3.4 0.72 55,925 3.7 0.70 169,446 3.5 0.71 166,296 3.6 
- Non-Alch Bev 1.56 38,515 7.6 1.47 33,626 7.4 1.56 123,888 7.6 1.41 109,022 7.2 1.52 368,274 7.5 1.42 332,952 7.2 
- Other 1.06 26,102 5.2 1.04 23,812 5.2 1.07 85,076 5.2 1.01 77,938 5.1 1.01 244,975 5.0 1.02 241,151 5.2 
Add-On Sales 6.73 166,546 33.0 6.58 150,922 33.2 6.65 530,070 32.6 6.34 489,624 32.2 6.66 1,608,154 32.9 6.34 1,491,011 32.4 
ToGo Sales 66,857 60,313 260,096 233,892 701,391 679,259 
Private Dining 0 0 0 0 0 0 
Total Gross Sales 21.42 529,932 104.9 20.79 477,014 104.9 21.42 1,706,059 104.9 20.65 1,593,697 104.9 21.25 5,135,045 104.9 20.54 4,833,849 104.9 
- Mgr/Empl Meal -0.32 -7,970 -1.6 -0.31 -7,174 -1.6 -0.32 -25,659 -1.6 -0.31 -23,969 -1.6 -0.28 -67,577 -1.4 -0.27 -63,613 -1.4 
- Coupons -0.12 -2,989 -0.6 -0.12 -2,690 -0.6 -0.12 -9,622 -0.6 -0.12 -8,988 -0.6 -0.12 -28,962 -0.6 -0.12 -27,263 -0.6 
- Returns/Comps -0.56 -13,948 -2.8 -0.55 -12,555 -2.8 -0.56 -44,903 -2.8 -0.54 -41,946 -2.8 -0.56 -135,154 -2.8 -0.54 -127,227 -2.8 
- Other -0.00 0 -0.0 -0.00 0 -0.0 -0.00 0 -0.0 -0.00 0 -0.0 -0.04 -9,654 -0.2 -0.04 -9,088 -0.2 
Net Sales 20.42 505,025 100.0 19.81 454,595 100.0 20.41 1,625,874 100.0 19.68 1,518,793 100.0 20.25 4,893,698 100.0 19.58 4,606,658 100.0 
COS - Beef and Chicken 0.80 19,889 3.9 0.78 17,950 3.9 0.80 63,976 3.9 0.81 62,792 4.1 0.78 188,725 3.9 0.75 177,135 3.8 
- Seafood 0.47 11,558 2.3 0.48 11,054 2.4 0.52 41,031 2.5 0.46 35,618 2.3 0.47 114,263 2.3 0.45 105,190 2.3 
- Fresh Seafood 0.00 0 0.0 0.00 0 0.0 0.00 0 0.0 0.00 0 0.0 0.00 0 0.0 0.00 0 0.0 
- Other Protein 0.00 0 0.0 0.00 0 0.0 0.00 0 0.0 0.00 0 0.0 0.00 0 0.0 0.00 0 0.0 
- Total Protein 1.27 31,447 6.2 1.26 29,004 6.4 1.32 105,007 6.5 1.28 98,410 6.5 1.25 302,988 6.2 1.20 282,325 6.1 
- Non-Perishable 0.92 22,857 4.5 0.96 21,966 4.8 0.92 73,196 4.5 0.93 71,739 4.7 0.93 223,710 4.6 0.87 204,429 4.4 
- Produce 0.49 12,191 2.4 0.47 10,846 2.4 0.49 39,276 2.4 0.51 39,157 2.6 0.49 117,832 2.4 0.51 119,512 2.6 
- Dessert 0.21 5,241 1.0 0.22 5,057 1.1 0.23 18,640 1.1 0.22 16,908 1.1 0.22 52,431 1.1 0.21 48,535 1.1 
- Other/Freight 1.83 45,170 8.9 1.65 37,846 8.3 1.88 149,837 9.2 1.66 128,415 8.5 1.67 403,580 8.2 1.77 415,540 9.0 
Total Food Costs 4.73 116,906 23.1 4.56 104,719 23.0 4.84 385,957 23.7 4.60 354,630 23.3 4.56 1,100,541 22.5 4.55 1,070,341 23.2 
A vs T% 5,254 4.5 4,855 4.6 15,913 4.1 16,450 4.6 52,380 4.8 46,866 4.4 
Total Beverage Cost 0.50 12,384 16.5 0.51 11,801 17.5 0.51 40,381 16.9 0.50 38,457 17.3 0.52 125,145 17.4 0.49 115,886 17.3 
- Liquor 0.06 1,389 11.1 0.07 1,514 12.9 0.06 4,954 12.5 0.06 4,649 12.4 0.06 13,487 11.2 0.05 12,421 11.1 
- Beer 0.06 1,409 22.5 0.05 1,252 22.3 0.06 4,718 23.9 0.05 3,946 20.3 0.05 12,664 20.8 0.05 12,592 20.9 
- Wine 0.18 4,439 25.2 0.19 4,359 26.2 0.18 14,441 25.8 0.18 13,813 24.7 0.19 44,833 26.5 0.19 44,580 26.8 
- Non-Alch Bev 0.21 5,148 13.4 0.20 4,676 13.9 0.20 16,268 13.1 0.21 16,048 14.7 0.22 54,161 14.7 0.20 46,292 13.9 
Bev Alch A vs. T% 1,214 9.8 1,048 8.9 3,316 8.2 3,752 9.8 6,560 5.2 9,627 8.3 
Total Cost of Sales 5.23 129,290 25.6 5.08 116,521 25.6 5.35 426,339 26.2 5.09 393,086 25.9 5.07 1,225,686 25.0 5.04 1,186,227 25.8 
Direct Labor - Regular 6.36 157,348 31.2 6.03 138,393 30.4 6.48 516,479 31.8 6.25 481,920 31.7 6.30 1,522,471 31.1 6.08 1,430,146 31.0 
- Overtime 0.09 2,127 0.4 0.06 1,415 0.3 0.06 4,965 0.3 0.10 7,359 0.5 0.11 26,451 0.5 0.14 32,002 0.7 
- Pay Compliance/WOTC 0.00 0 0.0 0.00 0 0.0 0.00 0 0.0 0.00 0 0.0 0.00 0 0.0 0.00 0 0.0 
Total Direct Labor 6.45 159,474 31.6 6.09 139,808 30.8 6.55 521,443 32.1 6.34 489,279 32.2 6.41 1,548,922 31.7 6.21 1,462,148 31.7 
Overtime Premium $ 702 467 1,638 2,429 8,729 10,561 
Overtime Hours 112 74 261 387 1,392 1,684 
Total Hours vs. Expectation -3.19 53.39 23.17 37.11 11.66 10.73 
Wage Rate 13.93 13.13 13.94 13.40 13.55 13.20 
Margin after Labor 8.74 216,260 42.8 8.64 198,265 43.6 8.51 678,092 41.7 8.25 636,428 41.9 8.77 2,119,090 43.3 8.32 1,958,282 42.5


 Darden Restaurants - US Ops2 
Restaurant P&L - Olive GardenAugust 03, 2018 

0021448 (Olympia, WA) Current Period: JUL-2018 Currency: USD 

03:08 

OG Portland Div - Region 88 

GST/OP.WKFEB-2019 
ACTUAL 
FEB-2019 
% GST/OP.WKFEB-2018 
ACTUAL 
JUL-2018 
% GST/OP.WKACTUAL 
FEB-2019 FEB-2019 
% GST/OP.WKFEB-2018 
ACTUAL 
FEB-2018 
% GST/OP.WKFEB-2019 
ACTUAL 
FEB-2019 
% GST/OP.WKFEB-2018 
ACTUAL 
FEB-2018  
% 
Variable Restaurant Expenses 0.87 21,399 4.2 0.90 20,670 4.5 0.97 77,662 4.8 0.93 71,931 4.7 0.90 218,339 4.5 0.83 194,969 4.2 
- Smallwares 0.16 4,055 0.8 0.16 3,715 0.8 0.20 16,247 1.0 0.18 14,005 0.9 0.19 46,760 1.0 0.16 36,736 0.8 
- Linen/Paper Napkins 0.08 2,004 0.4 0.08 1,725 0.4 0.08 6,224 0.4 0.08 6,458 0.4 0.08 19,261 0.4 0.08 17,914 0.4 
- Cleaning Supplies 0.12 2,871 0.6 0.13 2,980 0.7 0.12 9,922 0.6 0.11 8,526 0.6 0.12 28,723 0.6 0.09 21,792 0.5 
- Credit/Gift Card 0.33 8,240 1.6 0.39 8,990 2.0 0.40 31,731 2.0 0.40 30,824 2.0 0.36 85,879 1.8 0.36 83,951 1.8 
- Cash Short 0.05 1,331 0.3 0.05 1,198 0.3 0.06 4,515 0.3 0.06 4,708 0.3 0.05 12,416 0.3 0.06 14,056 0.3 
- Other 0.12 2,897 0.6 0.09 2,061 0.5 0.11 9,023 0.6 0.10 7,410 0.5 0.10 25,300 0.5 0.09 20,518 0.4 
Margin after Variable Exp 7.88 194,861 38.6 7.74 177,596 39.1 7.54 600,430 36.9 7.32 564,497 37.2 7.87 1,900,751 38.8 7.49 1,763,314 38.3 
Other Restaurant Exp 2,900.99 11,604 2.3 3,408.04 13,632 3.0 2,706.97 35,191 2.2 3,236.81 42,079 2.8 3,109.19 121,258 2.5 3,612.46 140,886 3.1 
- Ofc Supplies/Postage 185.56 742 0.1 163.61 654 0.1 183.80 2,389 0.1 190.13 2,472 0.2 195.51 7,625 0.2 197.06 7,685 0.2 
- Work Comp/Pub Liab 2,447.94 9,792 1.9 2,973.81 11,895 2.6 2,285.46 29,711 1.8 2,776.92 36,100 2.4 2,636.85 102,837 2.1 3,145.47 122,673 2.7 
- Employee Incentives 52.86 211 0.0 62.12 248 0.1 66.81 869 0.1 70.67 919 0.1 56.82 2,216 0.0 67.85 2,646 0.1 
- Other 214.64 859 0.2 208.50 834 0.2 170.89 2,222 0.1 199.10 2,588 0.2 220.00 8,580 0.2 202.08 7,881 0.2 
Site/Bldg/Equip Maint 9,556.45 38,226 7.6 9,244.31 36,977 8.1 10,732.00 139,516 8.6 9,706.91 126,190 8.3 9,632.43 375,665 7.7 10,061.82 392,411 8.5 
- Utilities 3,573.39 14,294 2.8 3,547.16 14,189 3.1 3,970.44 51,616 3.2 3,600.16 46,802 3.1 3,870.38 150,945 3.1 3,646.74 142,223 3.1 
- Building/Site Repair 1,344.20 5,377 1.1 1,144.60 4,578 1.0 1,456.35 18,933 1.2 1,228.80 15,974 1.1 1,266.35 49,388 1.0 1,467.13 57,218 1.2 
- Equipment Repairs 773.89 3,096 0.6 929.24 3,717 0.8 1,367.18 17,773 1.1 1,154.18 15,004 1.0 869.91 33,927 0.7 1,252.58 48,850 1.1 
- Contract Services 1,439.10 5,756 1.1 1,187.92 4,752 1.0 1,518.45 19,740 1.2 1,248.73 16,233 1.1 1,283.27 50,047 1.0 1,337.75 52,172 1.1 
- Depreciation 2,425.86 9,703 1.9 2,435.39 9,742 2.1 2,419.59 31,455 1.9 2,475.04 32,175 2.1 2,342.51 91,358 1.9 2,357.62 91,947 2.0 
Indirect Labor 13,951.64 55,807 11.1 12,955.95 51,824 11.4 13,843.48 179,965 11.1 13,008.15 169,106 11.1 13,355.02 520,846 10.6 12,904.51 503,276 10.9 
- Salary 4,800.00 19,200 3.8 4,800.00 19,200 4.2 4,800.00 62,400 3.8 4,800.00 62,400 4.1 4,800.00 187,200 3.8 4,800.00 187,200 4.1 
- Bonus 133.25 533 0.1 354.39 1,418 0.3 452.85 5,887 0.4 278.21 3,617 0.2 111.76 4,358 0.1 326.27 12,724 0.3 
- Other 9,018.39 36,074 7.1 7,801.57 31,206 6.9 8,590.63 111,678 6.9 7,929.94 103,089 6.8 8,443.26 329,287 6.7 7,778.25 303,352 6.6 
Indirect Operating Expenses 397.98 1,592 0.3 386.15 1,545 0.3 415.67 5,404 0.3 468.27 6,088 0.4 517.84 20,196 0.4 441.86 17,232 0.4 
- Pre-Opening/Closing 0.00 0 0.0 0.00 0 0.0 0.00 0 0.0 0.00 0 0.0 0.00 0 0.0 0.00 0 0.0 
- Other 397.98 1,592 0.3 386.15 1,545 0.3 415.67 5,404 0.3 468.27 6,088 0.4 517.84 20,196 0.4 441.86 17,232 0.4 
Marketing Expenses 6,220.60 24,882 4.9 5,472.54 21,890 4.8 6,161.51 80,100 4.9 5,852.09 76,077 5.0 6,048.53 235,893 4.8 5,896.23 229,953 5.0 
Performance Earnings 15,687.70 62,751 12.4 12,931.89 51,728 11.4 12,327.33 160,255 9.9 11,150.58 144,958 9.5 16,074.21 626,894 12.8 12,296.29 479,555 10.4 
Occupancy 6,654.34 26,617 5.3 6,105.24 24,421 5.4 7,053.10 91,690 5.6 6,150.29 79,954 5.3 7,719.43 301,058 6.2 7,252.45 282,845 6.1 
Restaurant Earnings 9,033.37 36,133 7.2 6,826.65 27,307 6.0 5,274.22 68,565 4.2 5,000.29 65,004 4.3 8,354.78 325,836 6.7 5,043.85 196,710 4.3


 Darden Restaurants - US Ops3 
Restaurant P&L - Olive Garden (GST/OP.WK/%)August 03, 2018 

0021448 (Olympia, WA) Current Period: JUL-2018 Currency: USD 03:08 
OG Portland Div - Region 88 
JUL-2018 JUN-2018 MAY-2018 APR-2018 MAR-2018 FEB-2018 JAN-2018 DEC-2017 NOV-2017 OCT-2017 SEP-2017 AUG-2017 JUL-2017 
Average Weekly Sales 130,756 141,231 132,236 122,204 131,334 124,526 140,454 131,660 132,852 143,047 140,540 128,222 141,497 
Guest Count 5,931 6,257 5,997 6,099 5,903 6,079 6,274 6,442 6,106 6,528 6,223 6,381 6,377 
Operating Weeks 4 5 4 4 5 4 4 5 4 4 5 4 4 
Food / Other Sales 15.71 16.36 16.49 15.13 17.13 14.86 17.21 14.71 16.52 16.47 16.19 14.58 16.90 
Add-on Sales 6.33 6.22 5.56 4.91 5.12 5.62 5.18 5.72 5.23 5.44 6.40 5.52 5.29 
Total Gross Sales 22.05 22.57 22.05 20.04 22.25 20.48 22.39 20.44 21.76 21.91 22.58 20.09 22.19 
Total Discounts -1.04 -1.06 -1.04 -0.94 -1.05 -0.96 -1.05 -0.96 -1.02 -1.03 -1.06 -0.94 -1.04 
Net Sales 21.01 21.51 21.01 19.09 21.20 19.52 21.33 19.48 20.74 20.88 21.52 19.15 21.15 
Memo - Alc Bev Sales 1.46 1.55 1.46 1.45 1.36 1.54 1.37 1.53 1.40 1.48 1.32 1.47 1.44 
- ToGo Sales 12.5 % 15.0 % 14.8 % 15.0 % 14.6 % 12.8 % 11.7 % 15.1 % 15.5 % 11.7 % 15.4 % 15.1 % 14.9 % 
- Private Dining 0.0 % 0.0 % 0.0 % 0.0 % 0.0 % 0.0 % 0.0 % 0.0 % 0.0 % 0.0 % 0.0 % 0.0 % 0.0 % 
- Return/Comps -0.48 -0.50 -0.51 -0.48 -0.45 -0.43 -0.46 -0.52 -0.48 -0.52 -0.48 -0.47 -0.43 
Total Food Cost 4.33 4.17 4.51 4.31 4.30 4.12 4.41 4.38 4.49 4.54 4.12 4.36 4.15 
Total Food Cost % 24.1 % 24.6 % 22.5 % 23.1 % 22.4 % 23.9 % 23.6 % 24.1 % 23.9 % 23.2 % 22.7 % 22.8 % 24.8 % 
A vs. T % 11.1 % 8.2 % 8.8 % 8.6 % 9.9 % 10.0 % 10.4 % 9.3 % 10.1 % 8.8 % 7.9 % 9.0 % 9.5 % 
Total Beverage Cost % 17.4 % 18.3 % 18.7 % 16.5 % 16.4 % 16.8 % 18.2 % 18.8 % 18.6 % 17.4 % 17.7 % 17.1 % 18.2 % 
Bev Alc A vs. T % 16.9 % 0.8 % -0.4 % 15.4 % 2.7 % 6.2 % -0.0 % 10.8 % -0.7 % 12.2 % 6.9 % 4.5 % 17.4 % 
Total Cost Of Sales 4.81 4.69 5.01 4.76 4.76 4.67 4.89 4.87 4.96 5.00 4.60 4.90 4.60 
Total Costs Of Sales % 25.2 % 23.7 % 22.1 % 24.7 % 23.3 % 24.4 % 22.1 % 25.3 % 24.0 % 24.2 % 22.6 % 24.4 % 23.0 % 
Direct Labor - Regular 6.20 6.67 6.33 6.57 6.55 6.20 6.04 6.19 6.48 6.06 6.09 6.24 6.55 
Total Direct Labor 6.34 6.74 6.39 6.71 6.64 6.25 6.17 6.29 6.54 6.13 6.25 6.39 6.66 
Total Direct Labor % 31.7 % 29.1 % 30.3 % 32.9 % 30.8 % 29.4 % 31.7 % 29.4 % 31.6 % 32.2 % 31.2 % 30.1 % 32.9 % 
Total Hours vs. Expectation -83 -10 -70 -44 70 -78 -18 61 -25 47 12 -12 -60 
Wage Rate 12.98 12.82 13.18 13.51 12.92 13.48 12.68 13.59 12.96 13.54 13.45 13.56 13.02 
Margin After Labor 9.86 10.08 9.61 7.62 9.80 8.60 10.28 8.32 9.23 9.75 10.68 7.87 9.88 
Margin after Labor % 43.8 % 41.2 % 44.2 % 42.9 % 44.2 % 44.7 % 46.2 % 41.4 % 41.1 % 46.5 % 46.0 % 46.0 % 42.5 % 
Variable Restaurant Expense 0.66 0.59 0.58 0.77 0.59 0.78 0.57 0.62 0.65 0.91 0.82 0.56 0.67 
Margin after Variable Rest Exp 9.20 9.49 9.03 6.86 9.21 7.82 9.71 7.70 8.58 8.85 9.85 7.30 9.21 
Margin after Variable Rest Exp % 43.0 % 42.1 % 37.0 % 42.5 % 42.2 % 39.0 % 44.4 % 39.1 % 43.6 % 37.2 % 43.9 % 44.6 % 40.6 % 
Other Restaurant Expense 2,314 796 2,995 2,091 1,726 618 1,119 1,249 2,143 2,041 1,327 1,010 1,859 
Other Restaurant Expenses % 1.8 % 1.2 % 1.5 % 2.7 % 2.8 % 1.6 % 1.8 % 1.5 % 1.2 % 1.6 % 0.5 % 1.8 % 2.3 % 
Site/Building/Equipment Maintenance 9,918 9,918 8,376 8,491 8,476 10,389 8,090 9,933 8,987 9,804 10,311 7,742 8,946 
Site/Building/Equipment Maintenance % 7.2 % 8.7 % 8.7 % 9.5 % 6.6 % 9.8 % 9.9 % 6.9 % 8.0 % 7.0 % 8.4 % 6.7 % 9.3 % 
Indirect Labor 12,416 11,360 12,725 11,224 11,803 12,225 11,549 11,708 12,830 11,970 12,309 11,717 12,393 
Indirect Labor % 11.9 % 11.5 % 10.9 % 11.6 % 11.2 % 11.0 % 11.4 % 11.1 % 10.9 % 11.4 % 11.5 % 12.2 % 11.1 % 
Indirect Op Expenses 288 283 305 273 320 370 378 341 337 359 335 278 349 
Indirect Op Expenses % 0.3 % 0.3 % 0.3 % 0.3 % 0.3 % 0.3 % 0.3 % 0.3 % 0.3 % 0.3 % 0.3 % 0.3 % 0.3 % 
Marketing Expense 5,473 5,656 5,136 5,381 5,242 6,060 5,178 5,785 5,526 4,750 6,380 5,958 6,130 
Marketing Expense % 5.0 % 5.4 % 5.7 % 5.5 % 5.6 % 5.2 % 4.5 % 5.6 % 4.7 % 4.9 % 4.7 % 4.9 % 5.8 % 
Performance Earnings 11,426 17,193 12,019 18,383 20,579 17,719 18,472 13,293 13,344 18,378 12,331 18,988 14,506 
Performance Earnings % 16.3 % 12.6 % 11.7 % 11.9 % 12.0 % 20.1 % 11.8 % 17.3 % 20.0 % 11.6 % 15.6 % 16.6 % 18.0 % 
Occupancy 6,295 6,042 6,166 6,297 5,815 5,962 5,746 5,060 6,082 5,925 6,289 6,105 5,174 
Occupancy % 5.3 % 5.1 % 5.8 % 5.0 % 5.5 % 4.9 % 4.7 % 5.8 % 5.3 % 6.0 % 4.9 % 4.6 % 4.9 % 
Restaurant Earnings 14,365 4,687 8,688 12,354 14,435 17,338 10,576 10,517 13,143 9,773 4,611 16,292 6,087 
Restaurant Earnings % 6.3 % 5.0 % 9.5 % 9.6 % 15.5 % 15.6 % 15.1 % 6.0 % 6.8 % 15.8 % 15.9 % 14.0 % 13.8 % 


