 Darden Restaurants - US Ops1 
Restaurant P&L - Olive GardenAugust 03, 2018 

0021596 (Puyallup, WA) Current Period: FEB-2019 Currency: USD 

03:08 

OG Portland Div - Region 88 

GST/OP.WKFEB-2019 
ACTUAL 
FEB-2019 
% GST/OP.WKFEB-2018 
ACTUAL 
FEB-2018 
% GST/OP.WKACTUAL 
FEB-2019 FEB-2019 
% GST/OP.WKFEB-2018 
ACTUAL 
FEB-2018 
% GST/OP.WKFEB-2019 
ACTUAL 
FEB-2019 
% GST/OP.WKFEB-2018 
ACTUAL 
FEB-2018 
% 
Average Weekly Sales 133,423 124,918 133,278 122,226 129,894 122,197 
Guest Count 6,135 24,540 6,032 24,128 6,147 79,911 5,893 76,609 6,057 236,223 5,962 232,518 
Operating Weeks 4 4 13 13 39 39 
SALES - Food 15.12 371,027 72.9 14.31 345,333 72.5 14.91 1,191,840 72.2 14.28 1,094,126 72.3 14.67 3,466,026 71.8 14.16 3,293,358 72.5 
- Appetizers 1.92 47,181 9.3 1.87 45,103 9.5 1.93 154,568 9.4 1.87 142,917 9.4 2.00 472,375 9.8 1.86 432,264 9.5 
- Desserts 0.70 17,143 3.4 0.67 16,267 3.4 0.70 56,230 3.4 0.70 53,753 3.5 0.71 167,323 3.5 0.66 153,944 3.4 
- Total Alc Bev 1.51 37,121 7.3 1.43 34,396 7.2 1.52 121,825 7.4 1.46 111,508 7.4 1.51 356,277 7.4 1.42 330,566 7.3 
- Liquor 0.52 12,871 2.5 0.49 11,717 2.5 0.52 41,484 2.5 0.49 37,226 2.5 0.50 117,391 2.4 0.48 111,610 2.5 
- Beer 0.26 6,396 1.3 0.24 5,890 1.2 0.25 20,365 1.2 0.26 19,707 1.3 0.26 60,547 1.3 0.25 57,859 1.3 
- Wine 0.73 17,854 3.5 0.70 16,788 3.5 0.75 59,977 3.6 0.71 54,574 3.6 0.75 178,339 3.7 0.69 161,097 3.5 
- Non-Alch Bev 1.47 35,990 7.1 1.44 34,821 7.3 1.55 124,253 7.5 1.41 108,348 7.2 1.49 351,071 7.3 1.39 323,241 7.1 
- Other 1.03 25,231 5.0 0.98 23,752 5.0 1.05 83,901 5.1 1.02 78,285 5.2 1.07 252,782 5.2 1.00 232,296 5.1 
Add-On Sales 6.63 162,666 32.0 6.40 154,338 32.4 6.77 540,778 32.8 6.46 494,810 32.7 6.77 1,599,828 33.1 6.33 1,472,311 32.4 
ToGo Sales 72,394 70,255 269,006 247,589 781,059 689,349 
Private Dining 0 0 0 0 0 0 
Total Gross Sales 21.75 533,694 104.9 20.71 499,671 104.9 21.68 1,732,617 104.9 20.74 1,588,936 104.9 21.45 5,065,853 104.9 20.50 4,765,669 104.9 
- Mgr/Empl Meal -0.33 -8,027 -1.6 -0.31 -7,515 -1.6 -0.33 -26,059 -1.6 -0.31 -23,898 -1.6 -0.28 -66,667 -1.4 -0.27 -62,716 -1.4 
- Coupons -0.12 -3,010 -0.6 -0.12 -2,818 -0.6 -0.12 -9,772 -0.6 -0.12 -8,962 -0.6 -0.12 -28,571 -0.6 -0.12 -26,878 -0.6 
- Returns/Comps -0.57 -14,047 -2.8 -0.55 -13,151 -2.8 -0.57 -45,602 -2.8 -0.55 -41,821 -2.8 -0.56 -133,333 -2.8 -0.54 -125,432 -2.8 
- Other -0.00 0 -0.0 -0.00 0 -0.0 -0.00 0 -0.0 -0.00 0 -0.0 -0.04 -9,524 -0.2 -0.04 -8,959 -0.2 
Net Sales 20.73 508,610 100.0 19.74 476,187 100.0 20.66 1,651,184 100.0 19.77 1,514,256 100.0 20.44 4,827,758 100.0 19.53 4,541,682 100.0 
COS - Beef and Chicken 0.86 20,991 4.1 0.82 19,795 4.2 0.81 64,330 3.9 0.81 62,037 4.1 0.84 197,477 4.1 0.78 180,439 4.0 
- Seafood 0.50 12,169 2.4 0.48 11,616 2.4 0.47 37,520 2.3 0.45 34,273 2.3 0.48 113,216 2.3 0.48 111,587 2.5 
- Fresh Seafood 0.00 0 0.0 0.00 0 0.0 0.00 0 0.0 0.00 0 0.0 0.00 0 0.0 0.00 0 0.0 
- Other Protein 0.00 0 0.0 0.00 0 0.0 0.00 0 0.0 0.00 0 0.0 0.00 0 0.0 0.00 0 0.0 
- Total Protein 1.35 33,160 6.5 1.30 31,411 6.6 1.27 101,849 6.2 1.26 96,310 6.4 1.32 310,693 6.4 1.26 292,025 6.4 
- Non-Perishable 0.91 22,454 4.4 0.94 22,765 4.8 0.90 71,759 4.3 0.86 65,690 4.3 0.98 232,270 4.8 0.91 212,662 4.7 
- Produce 0.49 12,072 2.4 0.48 11,667 2.4 0.53 42,452 2.6 0.47 36,125 2.4 0.53 124,528 2.6 0.46 106,736 2.4 
- Dessert 0.23 5,638 1.1 0.22 5,356 1.1 0.22 17,889 1.1 0.22 16,526 1.1 0.23 54,120 1.1 0.22 51,460 1.1 
- Other/Freight 1.87 45,953 9.0 1.66 40,051 8.4 1.88 150,345 9.1 1.62 124,111 8.2 1.75 414,023 8.6 1.61 374,443 8.2 
Total Food Costs 4.86 119,277 23.5 4.61 111,250 23.4 4.81 384,295 23.3 4.42 338,762 22.4 4.81 1,135,635 23.5 4.46 1,037,326 22.8 
A vs T% 4,992 4.2 4,284 3.9 15,188 4.0 13,573 4.0 51,270 4.5 44,829 4.3 
Total Beverage Cost 0.52 12,654 17.3 0.50 12,020 17.4 0.52 41,913 17.0 0.50 37,954 17.3 0.51 120,490 17.0 0.51 119,074 18.2 
- Liquor 0.07 1,636 12.7 0.06 1,503 12.8 0.07 5,285 12.7 0.06 4,521 12.1 0.06 14,453 12.3 0.06 13,912 12.5 
- Beer 0.06 1,404 21.9 0.05 1,268 21.5 0.06 4,741 23.3 0.05 4,131 21.0 0.05 12,374 20.4 0.06 13,634 23.6 
- Wine 0.18 4,386 24.6 0.18 4,457 26.5 0.20 15,698 26.2 0.19 14,669 26.9 0.19 44,925 25.2 0.19 43,329 26.9 
- Non-Alch Bev 0.21 5,228 14.5 0.20 4,792 13.8 0.20 16,189 13.0 0.19 14,633 13.5 0.21 48,738 13.9 0.21 48,198 14.9 
Bev Alch A vs. T% 1,100 8.7 1,303 10.8 3,027 7.2 2,267 6.0 7,227 6.0 11,714 9.8 
Total Cost of Sales 5.38 131,931 25.9 5.11 123,270 25.9 5.33 426,208 25.8 4.92 376,716 24.9 5.32 1,256,125 26.0 4.97 1,156,400 25.5 
Direct Labor - Regular 6.47 158,659 31.2 6.17 148,940 31.3 6.31 504,032 30.5 6.06 464,585 30.7 6.27 1,481,588 30.7 6.09 1,414,941 31.2 
- Overtime 0.10 2,406 0.5 0.09 2,241 0.5 0.13 10,683 0.6 0.13 9,597 0.6 0.08 19,550 0.4 0.07 17,245 0.4 
- Pay Compliance/WOTC 0.00 0 0.0 0.00 0 0.0 0.00 0 0.0 0.00 0 0.0 0.00 0 0.0 0.00 0 0.0 
Total Direct Labor 6.56 161,064 31.7 6.27 151,180 31.7 6.44 514,715 31.2 6.19 474,182 31.3 6.35 1,501,138 31.1 6.16 1,432,187 31.5 
Overtime Premium $ 794 739 3,525 3,167 6,451 5,691 
Overtime Hours 127 118 562 505 1,029 908 
Total Hours vs. Expectation 16.30 -0.68 46.21 9.52 53.52 30.43 
Wage Rate 13.49 13.15 13.71 12.99 13.85 12.93 
Margin after Labor 8.79 215,615 42.4 8.36 201,736 42.4 8.89 710,262 43.0 8.66 663,358 43.8 8.77 2,070,496 42.9 8.40 1,953,096 43.0


 Darden Restaurants - US Ops2 
Restaurant P&L - Olive GardenAugust 03, 2018 

0021596 (Puyallup, WA) Current Period: JUL-2018 Currency: USD 

03:08 

OG Portland Div - Region 88 

GST/OP.WKFEB-2019 
ACTUAL 
FEB-2019 
% GST/OP.WKFEB-2018 
ACTUAL 
JUL-2018 
% GST/OP.WKACTUAL 
FEB-2019 FEB-2019 
% GST/OP.WKFEB-2018 
ACTUAL 
FEB-2018 
% GST/OP.WKFEB-2019 
ACTUAL 
FEB-2019 
% GST/OP.WKFEB-2018 
ACTUAL 
FEB-2018  
% 
Variable Restaurant Expenses 0.93 22,757 4.5 0.85 20,451 4.3 0.88 70,272 4.3 0.83 63,797 4.2 0.92 216,370 4.5 0.87 202,856 4.5 
- Smallwares 0.20 5,000 1.0 0.18 4,246 0.9 0.21 16,777 1.0 0.18 13,413 0.9 0.17 39,231 0.8 0.20 47,016 1.0 
- Linen/Paper Napkins 0.10 2,495 0.5 0.09 2,054 0.4 0.08 6,240 0.4 0.10 7,311 0.5 0.10 23,432 0.5 0.08 17,835 0.4 
- Cleaning Supplies 0.11 2,672 0.5 0.10 2,383 0.5 0.11 8,629 0.5 0.12 8,942 0.6 0.10 24,688 0.5 0.11 26,564 0.6 
- Credit/Gift Card 0.35 8,587 1.7 0.33 8,015 1.7 0.30 24,289 1.5 0.30 22,679 1.5 0.39 93,024 1.9 0.33 76,233 1.7 
- Cash Short 0.05 1,314 0.3 0.05 1,226 0.3 0.06 4,869 0.3 0.05 3,978 0.3 0.05 12,343 0.3 0.05 11,135 0.2 
- Other 0.11 2,689 0.5 0.10 2,527 0.5 0.12 9,468 0.6 0.10 7,474 0.5 0.10 23,651 0.5 0.10 24,074 0.5 
Margin after Variable Exp 7.86 192,858 37.9 7.51 181,286 38.1 8.01 639,990 38.8 7.83 599,561 39.6 7.85 1,854,126 38.4 7.53 1,750,240 38.5 
Other Restaurant Exp 3,877.84 15,511 3.0 3,370.84 13,483 2.8 2,709.33 35,221 2.1 3,051.89 39,675 2.6 3,183.27 124,147 2.6 2,689.91 104,907 2.3 
- Ofc Supplies/Postage 177.31 709 0.1 176.08 704 0.1 154.55 2,009 0.1 190.26 2,473 0.2 158.53 6,183 0.1 152.48 5,947 0.1 
- Work Comp/Pub Liab 3,456.38 13,826 2.7 2,952.15 11,809 2.5 2,303.46 29,945 1.8 2,605.50 33,871 2.2 2,766.01 107,875 2.2 2,285.48 89,134 2.0 
- Employee Incentives 64.28 257 0.1 68.58 274 0.1 57.48 747 0.0 61.03 793 0.1 46.71 1,822 0.0 67.59 2,636 0.1 
- Other 179.87 719 0.1 174.03 696 0.1 193.84 2,520 0.2 195.10 2,536 0.2 212.01 8,268 0.2 184.36 7,190 0.2 
Site/Bldg/Equip Maint 10,034.84 40,139 7.9 9,694.20 38,777 8.1 10,201.00 132,613 8.0 9,921.64 128,981 8.5 9,754.71 380,434 7.9 9,164.78 357,426 7.9 
- Utilities 3,774.97 15,100 3.0 3,723.57 14,894 3.1 3,684.34 47,896 2.9 3,612.68 46,965 3.1 3,765.17 146,842 3.0 3,483.28 135,848 3.0 
- Building/Site Repair 1,551.50 6,206 1.2 1,276.49 5,106 1.1 1,332.10 17,317 1.0 1,398.35 18,179 1.2 1,496.89 58,379 1.2 1,307.68 50,999 1.1 
- Equipment Repairs 835.95 3,344 0.7 955.54 3,822 0.8 1,359.53 17,674 1.1 995.05 12,936 0.9 779.70 30,408 0.6 787.75 30,722 0.7 
- Contract Services 1,338.08 5,352 1.1 1,383.90 5,536 1.2 1,496.26 19,451 1.2 1,207.72 15,700 1.0 1,445.75 56,384 1.2 1,472.79 57,439 1.3 
- Depreciation 2,534.34 10,137 2.0 2,354.71 9,419 2.0 2,328.77 30,274 1.8 2,707.84 35,202 2.3 2,267.21 88,421 1.8 2,113.27 82,418 1.8 
Indirect Labor 14,139.82 56,559 11.1 13,315.05 53,260 11.2 13,969.45 181,603 11.0 12,950.69 168,359 11.1 13,967.62 544,737 11.3 13,487.01 525,994 11.6 
- Salary 4,800.00 19,200 3.8 4,800.00 19,200 4.0 4,800.00 62,400 3.8 4,800.00 62,400 4.1 4,800.00 187,200 3.9 4,800.00 187,200 4.1 
- Bonus 534.41 2,138 0.4 206.83 827 0.2 112.48 1,462 0.1 547.82 7,122 0.5 268.80 10,483 0.2 257.44 10,040 0.2 
- Other 8,805.41 35,222 6.9 8,308.22 33,233 7.0 9,056.97 117,741 7.1 7,602.87 98,837 6.5 8,898.82 347,054 7.2 8,429.58 328,753 7.2 
Indirect Operating Expenses 530.94 2,124 0.4 535.69 2,143 0.4 545.23 7,088 0.4 365.81 4,756 0.3 497.57 19,405 0.4 405.37 15,810 0.3 
- Pre-Opening/Closing 0.00 0 0.0 0.00 0 0.0 0.00 0 0.0 0.00 0 0.0 0.00 0 0.0 0.00 0 0.0 
- Other 530.94 2,124 0.4 535.69 2,143 0.4 545.23 7,088 0.4 365.81 4,756 0.3 497.57 19,405 0.4 405.37 15,810 0.3 
Marketing Expenses 6,737.42 26,950 5.3 6,107.03 24,428 5.1 6,492.05 84,397 5.1 5,598.04 72,775 4.8 6,030.59 235,193 4.9 6,099.26 237,871 5.2 
Performance Earnings 12,893.66 51,575 10.1 12,298.57 49,194 10.3 15,312.94 199,068 12.1 14,232.00 185,016 12.2 14,107.93 550,209 11.4 13,031.62 508,233 11.2 
Occupancy 7,663.23 30,653 6.0 6,598.36 26,393 5.5 7,823.50 101,705 6.2 6,789.88 88,268 5.8 7,397.69 288,510 6.0 6,547.63 255,357 5.6 
Restaurant Earnings 5,230.43 20,922 4.1 5,700.22 22,801 4.8 7,489.45 97,363 5.9 7,442.12 96,748 6.4 6,710.24 261,699 5.4 6,483.99 252,876 5.6


 Darden Restaurants - US Ops3 
Restaurant P&L - Olive Garden (GST/OP.WK/%)August 03, 2018 

0021596 (Puyallup, WA) Current Period: JUL-2018 Currency: USD 03:08 
OG Portland Div - Region 88 
JUL-2018 JUN-2018 MAY-2018 APR-2018 MAR-2018 FEB-2018 JAN-2018 DEC-2017 NOV-2017 OCT-2017 SEP-2017 AUG-2017 JUL-2017 
Average Weekly Sales 119,499 132,485 130,003 130,547 135,019 122,137 130,048 133,379 121,515 135,451 142,189 135,310 132,900 
Guest Count 5,844 6,116 5,866 6,383 6,477 5,949 6,401 6,235 5,728 5,971 6,319 6,074 6,082 
Operating Weeks 4 5 4 4 5 4 4 5 4 4 5 4 4 
Food / Other Sales 15.11 15.60 16.52 14.80 15.99 15.72 14.44 15.66 15.06 16.19 16.86 17.05 16.14 
Add-on Sales 5.34 6.06 5.64 5.65 4.85 4.81 5.87 5.73 6.15 6.49 5.64 5.23 5.71 
Total Gross Sales 20.45 21.66 22.16 20.45 20.85 20.53 20.32 21.39 21.21 22.68 22.50 22.28 21.85 
Total Discounts -0.96 -1.02 -1.04 -0.96 -0.98 -0.96 -0.95 -1.01 -1.00 -1.07 -1.06 -1.05 -1.03 
Net Sales 19.49 20.64 21.12 19.49 19.87 19.57 19.36 20.39 20.22 21.62 21.44 21.23 20.82 
Memo - Alc Bev Sales 1.43 1.33 1.48 1.44 1.52 1.44 1.52 1.54 1.37 1.45 1.37 1.41 1.46 
- ToGo Sales 13.3 % 13.2 % 13.5 % 13.8 % 14.6 % 13.7 % 13.0 % 14.5 % 14.9 % 14.7 % 15.2 % 14.2 % 14.1 % 
- Private Dining 0.0 % 0.0 % 0.0 % 0.0 % 0.0 % 0.0 % 0.0 % 0.0 % 0.0 % 0.0 % 0.0 % 0.0 % 0.0 % 
- Return/Comps -0.42 -0.45 -0.48 -0.44 -0.48 -0.46 -0.48 -0.44 -0.46 -0.51 -0.46 -0.50 -0.45 
Total Food Cost 4.12 4.51 4.07 4.48 4.40 4.10 4.37 4.39 4.30 4.10 4.28 4.15 4.11 
Total Food Cost % 23.8 % 23.9 % 24.3 % 23.9 % 24.8 % 23.3 % 25.0 % 23.4 % 22.3 % 24.6 % 24.9 % 24.1 % 24.8 % 
A vs. T % 8.9 % 9.9 % 7.9 % 10.0 % 11.0 % 7.8 % 7.9 % 11.8 % 11.7 % 9.5 % 9.3 % 11.4 % 9.5 % 
Total Beverage Cost % 18.1 % 18.4 % 18.5 % 17.9 % 19.0 % 18.3 % 17.5 % 18.6 % 17.8 % 17.0 % 17.7 % 17.8 % 18.9 % 
Bev Alc A vs. T % 3.6 % 9.0 % 4.1 % 11.4 % 6.9 % 1.5 % 8.9 % 9.0 % 12.5 % 14.5 % 10.7 % 10.3 % 2.3 % 
Total Cost Of Sales 4.59 5.05 4.62 4.95 4.87 4.59 4.91 4.93 4.75 4.63 4.80 4.64 4.58 
Total Costs Of Sales % 23.0 % 24.5 % 24.9 % 23.0 % 24.6 % 23.7 % 22.8 % 22.5 % 24.9 % 22.5 % 24.2 % 24.9 % 22.8 % 
Direct Labor - Regular 6.18 6.65 6.11 6.21 6.54 6.55 6.41 6.21 6.05 6.54 6.43 6.24 6.65 
Total Direct Labor 6.26 6.74 6.25 6.34 6.62 6.65 6.49 6.32 6.15 6.67 6.54 6.29 6.80 
Total Direct Labor % 29.0 % 33.4 % 33.1 % 29.0 % 31.9 % 32.6 % 32.0 % 32.3 % 31.7 % 31.4 % 29.4 % 32.6 % 29.6 % 
Total Hours vs. Expectation 43 -65 47 -81 14 9 9 -2 23 -60 -16 27 -3 
Wage Rate 13.41 13.21 12.84 13.62 12.81 13.33 12.75 13.27 12.96 13.25 12.84 13.62 13.49 
Margin After Labor 8.63 8.85 10.26 8.20 8.38 8.32 7.97 9.14 9.31 10.32 10.10 10.30 9.45 
Margin after Labor % 43.2 % 41.6 % 47.3 % 46.8 % 41.7 % 45.0 % 41.6 % 41.1 % 45.3 % 43.3 % 43.6 % 44.8 % 42.6 % 
Variable Restaurant Expense 0.92 0.82 0.62 0.67 0.61 0.86 0.67 0.61 0.89 0.58 0.74 0.85 0.76 
Margin after Variable Rest Exp 7.72 8.04 9.64 7.52 7.77 7.47 7.30 8.53 8.42 9.74 9.35 9.44 8.68 
Margin after Variable Rest Exp % 40.5 % 41.7 % 43.6 % 42.6 % 44.0 % 37.2 % 38.0 % 38.3 % 37.7 % 37.4 % 40.0 % 41.6 % 43.0 % 
Other Restaurant Expense 1,110 1,329 1,166 2,288 2,570 2,043 2,051 2,390 1,037 871 1,041 635 2,511 
Other Restaurant Expenses % 2.1 % 2.2 % 2.0 % 2.7 % 1.7 % 1.8 % 3.0 % 2.8 % 2.0 % 1.4 % 2.9 % 1.4 % 0.5 % 
Site/Building/Equipment Maintenance 9,526 7,969 10,292 6,931 9,999 7,639 8,711 7,120 7,316 7,853 8,611 10,106 9,827 
Site/Building/Equipment Maintenance % 6.7 % 7.4 % 8.0 % 8.4 % 9.4 % 8.6 % 8.9 % 8.7 % 7.6 % 8.8 % 6.2 % 9.4 % 9.5 % 
Indirect Labor 11,871 12,594 11,385 11,706 11,603 12,113 11,296 11,115 12,725 11,732 12,994 12,005 12,943 
Indirect Labor % 10.6 % 10.6 % 11.6 % 11.2 % 10.9 % 11.1 % 10.9 % 10.6 % 12.2 % 11.3 % 11.9 % 11.7 % 10.9 % 
Indirect Op Expenses 276 298 299 327 374 326 320 338 325 302 344 329 309 
Indirect Op Expenses % 0.3 % 0.3 % 0.3 % 0.3 % 0.3 % 0.3 % 0.3 % 0.3 % 0.3 % 0.3 % 0.3 % 0.3 % 0.3 % 
Marketing Expense 4,753 5,339 6,167 5,427 6,046 6,107 6,145 6,064 6,191 5,962 6,174 5,491 4,728 
Marketing Expense % 4.7 % 4.5 % 5.4 % 4.8 % 5.2 % 4.5 % 5.6 % 4.9 % 5.1 % 5.3 % 5.6 % 5.5 % 4.7 % 
Performance Earnings 19,825 19,096 20,587 15,268 21,962 14,457 10,918 15,714 12,993 19,855 16,413 14,987 13,504 
Performance Earnings % 14.4 % 16.4 % 11.8 % 16.9 % 16.1 % 11.8 % 10.8 % 18.0 % 12.8 % 11.0 % 10.4 % 10.1 % 13.8 % 
Occupancy 5,986 5,797 5,479 5,630 5,148 5,938 6,025 5,787 5,361 5,952 5,448 6,238 6,000 
Occupancy % 4.6 % 4.8 % 5.9 % 4.6 % 4.7 % 5.4 % 5.5 % 4.6 % 4.8 % 5.4 % 5.9 % 5.4 % 5.3 % 
Restaurant Earnings 11,331 8,512 13,890 12,783 16,282 13,345 8,489 9,077 6,037 12,057 13,417 15,482 6,601 
Restaurant Earnings % 12.2 % 13.5 % 13.4 % 14.3 % 8.8 % 9.8 % 15.1 % 11.1 % 11.1 % 15.9 % 15.0 % 4.5 % 15.6 % 


