 Darden Restaurants - US Ops1 
Restaurant P&L - Olive GardenAugust 03, 2018 

0021377 (Silverdale) Current Period: FEB-2019 Currency: USD 

03:08 

OG Portland Div - Region 88 

GST/OP.WKFEB-2019 
ACTUAL 
FEB-2019 
% GST/OP.WKFEB-2018 
ACTUAL 
FEB-2018 
% GST/OP.WKACTUAL 
FEB-2019 FEB-2019 
% GST/OP.WKFEB-2018 
ACTUAL 
FEB-2018 
% GST/OP.WKFEB-2019 
ACTUAL 
FEB-2019 
% GST/OP.WKFEB-2018 
ACTUAL 
FEB-2018 
% 
Average Weekly Sales 109,907 102,733 108,829 99,256 108,827 99,973 
Guest Count 5,202 20,808 5,064 20,256 5,209 67,717 4,923 63,999 5,229 203,931 4,989 194,571 
Operating Weeks 4 4 13 13 39 39 
SALES - Food 14.36 298,734 71.3 13.92 282,063 72.0 14.30 968,446 71.8 13.83 885,056 72.0 14.23 2,901,190 71.7 13.75 2,674,764 72.0 
- Appetizers 1.97 40,941 9.8 1.88 38,127 9.7 1.90 128,779 9.6 1.79 114,759 9.3 1.93 394,376 9.8 1.87 364,536 9.8 
- Desserts 0.71 14,686 3.5 0.65 13,078 3.3 0.68 45,785 3.4 0.69 44,268 3.6 0.68 138,990 3.4 0.68 131,460 3.5 
- Total Alc Bev 1.52 31,564 7.5 1.40 28,436 7.3 1.46 98,934 7.3 1.43 91,491 7.4 1.45 296,083 7.3 1.39 270,243 7.3 
- Liquor 0.52 10,914 2.6 0.48 9,705 2.5 0.52 35,164 2.6 0.48 31,011 2.5 0.48 98,546 2.4 0.46 89,979 2.4 
- Beer 0.26 5,382 1.3 0.24 4,880 1.2 0.25 16,612 1.2 0.23 14,919 1.2 0.26 52,760 1.3 0.23 45,333 1.2 
- Wine 0.73 15,268 3.6 0.68 13,850 3.5 0.70 47,158 3.5 0.71 45,561 3.7 0.71 144,777 3.6 0.69 134,930 3.6 
- Non-Alch Bev 1.51 31,371 7.5 1.40 28,376 7.2 1.50 101,807 7.6 1.46 93,676 7.6 1.46 297,806 7.4 1.37 266,290 7.2 
- Other 1.07 22,334 5.3 1.03 20,851 5.3 1.05 71,024 5.3 0.95 61,081 5.0 1.06 215,815 5.3 0.98 191,637 5.2 
Add-On Sales 6.77 140,896 33.6 6.36 128,869 32.9 6.59 446,328 33.1 6.33 405,274 33.0 6.59 1,343,071 33.2 6.29 1,224,165 32.9 
ToGo Sales 64,711 61,578 212,442 186,871 655,319 587,430 
Private Dining 0 0 0 0 0 0 
Total Gross Sales 21.13 439,630 104.9 20.29 410,932 104.9 20.89 1,414,774 104.9 20.16 1,290,331 104.9 20.81 4,244,261 104.9 20.04 3,898,930 104.9 
- Mgr/Empl Meal -0.32 -6,612 -1.6 -0.31 -6,180 -1.6 -0.31 -21,278 -1.6 -0.30 -19,407 -1.6 -0.27 -55,854 -1.4 -0.26 -51,310 -1.4 
- Coupons -0.12 -2,480 -0.6 -0.11 -2,318 -0.6 -0.12 -7,979 -0.6 -0.11 -7,277 -0.6 -0.12 -23,938 -0.6 -0.11 -21,990 -0.6 
- Returns/Comps -0.56 -11,571 -2.8 -0.53 -10,816 -2.8 -0.55 -37,237 -2.8 -0.53 -33,961 -2.8 -0.55 -111,709 -2.8 -0.53 -102,620 -2.8 
- Other -0.00 0 -0.0 -0.00 0 -0.0 -0.00 0 -0.0 -0.00 0 -0.0 -0.04 -7,979 -0.2 -0.04 -7,330 -0.2 
Net Sales 20.13 418,967 100.0 19.33 391,618 100.0 19.91 1,348,280 100.0 19.21 1,229,685 100.0 19.83 4,044,781 100.0 19.10 3,715,680 100.0 
COS - Beef and Chicken 0.77 15,940 3.8 0.75 15,240 3.9 0.84 56,925 4.2 0.78 49,666 4.0 0.81 164,903 4.1 0.75 146,759 3.9 
- Seafood 0.49 10,101 2.4 0.49 9,958 2.5 0.46 30,839 2.3 0.45 29,060 2.4 0.45 92,102 2.3 0.47 91,309 2.5 
- Fresh Seafood 0.00 0 0.0 0.00 0 0.0 0.00 0 0.0 0.00 0 0.0 0.00 0 0.0 0.00 0 0.0 
- Other Protein 0.00 0 0.0 0.00 0 0.0 0.00 0 0.0 0.00 0 0.0 0.00 0 0.0 0.00 0 0.0 
- Total Protein 1.25 26,041 6.2 1.24 25,198 6.4 1.30 87,764 6.5 1.23 78,726 6.4 1.26 257,004 6.4 1.22 238,068 6.4 
- Non-Perishable 0.97 20,124 4.8 0.91 18,495 4.7 0.94 63,758 4.7 0.84 53,835 4.4 0.91 185,105 4.6 0.91 176,978 4.8 
- Produce 0.50 10,410 2.5 0.48 9,681 2.5 0.52 35,098 2.6 0.50 32,204 2.6 0.49 99,357 2.5 0.47 90,547 2.4 
- Dessert 0.23 4,743 1.1 0.21 4,324 1.1 0.22 15,150 1.1 0.20 13,068 1.1 0.21 42,929 1.1 0.20 38,514 1.0 
- Other/Freight 1.73 36,011 8.6 1.59 32,171 8.2 1.72 116,263 8.6 1.70 108,988 8.9 1.71 349,407 8.6 1.68 327,795 8.8 
Total Food Costs 4.68 97,328 23.2 4.44 89,868 22.9 4.70 318,033 23.6 4.48 286,820 23.3 4.58 933,802 23.1 4.48 871,902 23.5 
A vs T% 3,403 3.5 3,484 3.9 12,715 4.0 12,272 4.3 41,296 4.4 33,253 3.8 
Total Beverage Cost 0.51 10,706 17.0 0.48 9,741 17.1 0.50 33,951 16.9 0.50 31,887 17.2 0.49 100,160 16.9 0.48 93,054 17.3 
- Liquor 0.06 1,210 11.1 0.05 1,093 11.3 0.06 4,364 12.4 0.06 3,824 12.3 0.06 11,850 12.0 0.05 10,378 11.5 
- Beer 0.06 1,182 22.0 0.05 1,078 22.1 0.06 3,912 23.6 0.05 3,358 22.5 0.05 10,679 20.2 0.05 9,154 20.2 
- Wine 0.18 3,727 24.4 0.18 3,714 26.8 0.18 12,182 25.8 0.18 11,353 24.9 0.18 37,372 25.8 0.18 35,073 26.0 
- Non-Alch Bev 0.22 4,587 14.6 0.19 3,855 13.6 0.20 13,492 13.3 0.21 13,351 14.3 0.20 40,259 13.5 0.20 38,449 14.4 
Bev Alch A vs. T% 893 8.3 595 6.1 3,782 11.1 3,393 10.6 8,752 8.7 8,013 8.6 
Total Cost of Sales 5.19 108,034 25.8 4.92 99,609 25.4 5.20 351,983 26.1 4.98 318,707 25.9 5.07 1,033,962 25.6 4.96 964,956 26.0 
Direct Labor - Regular 6.25 130,001 31.0 6.06 122,837 31.4 6.23 421,762 31.3 5.91 378,528 30.8 6.07 1,237,056 30.6 5.87 1,143,075 30.8 
- Overtime 0.08 1,693 0.4 0.07 1,348 0.3 0.11 7,606 0.6 0.12 7,568 0.6 0.11 22,939 0.6 0.11 22,317 0.6 
- Pay Compliance/WOTC 0.00 0 0.0 0.00 0 0.0 0.00 0 0.0 0.00 0 0.0 0.00 0 0.0 0.00 0 0.0 
Total Direct Labor 6.33 131,694 31.4 6.13 124,185 31.7 6.34 429,367 31.8 6.03 386,096 31.4 6.18 1,259,995 31.2 5.99 1,165,391 31.4 
Overtime Premium $ 559 445 2,510 2,497 7,570 7,365 
Overtime Hours 89 71 400 398 1,207 1,175 
Total Hours vs. Expectation 30.23 47.43 34.08 53.07 54.75 27.85 
Wage Rate 13.92 13.40 13.95 13.08 13.87 13.11 
Margin after Labor 8.61 179,239 42.8 8.29 167,824 42.9 8.37 566,929 42.0 8.20 524,882 42.7 8.59 1,750,824 43.3 8.15 1,585,332 42.7


 Darden Restaurants - US Ops2 
Restaurant P&L - Olive GardenAugust 03, 2018 

0021377 (Silverdale) Current Period: JUL-2018 Currency: USD 

03:08 

OG Portland Div - Region 88 

GST/OP.WKFEB-2019 
ACTUAL 
FEB-2019 
% GST/OP.WKFEB-2018 
ACTUAL 
JUL-2018 
% GST/OP.WKACTUAL 
FEB-2019 FEB-2019 
% GST/OP.WKFEB-2018 
ACTUAL 
FEB-2018 
% GST/OP.WKFEB-2019 
ACTUAL 
FEB-2019 
% GST/OP.WKFEB-2018 
ACTUAL 
FEB-2018  
% 
Variable Restaurant Expenses 0.99 20,547 4.9 0.85 17,263 4.4 0.87 59,249 4.4 0.85 54,175 4.4 0.89 182,050 4.5 0.89 173,956 4.7 
- Smallwares 0.21 4,292 1.0 0.16 3,177 0.8 0.16 10,684 0.8 0.19 12,276 1.0 0.21 43,573 1.1 0.18 34,460 0.9 
- Linen/Paper Napkins 0.09 1,933 0.5 0.08 1,664 0.4 0.08 5,700 0.4 0.09 5,905 0.5 0.08 15,729 0.4 0.08 14,746 0.4 
- Cleaning Supplies 0.11 2,347 0.6 0.09 1,877 0.5 0.12 8,168 0.6 0.11 7,009 0.6 0.11 22,251 0.6 0.12 23,771 0.6 
- Credit/Gift Card 0.40 8,302 2.0 0.37 7,513 1.9 0.37 25,148 1.9 0.28 18,109 1.5 0.33 66,361 1.6 0.36 69,511 1.9 
- Cash Short 0.06 1,185 0.3 0.06 1,290 0.3 0.05 3,232 0.2 0.06 3,959 0.3 0.05 10,350 0.3 0.06 12,350 0.3 
- Other 0.12 2,489 0.6 0.09 1,741 0.4 0.09 6,317 0.5 0.11 6,917 0.6 0.12 23,785 0.6 0.10 19,117 0.5 
Margin after Variable Exp 7.63 158,692 37.9 7.43 150,561 38.4 7.50 507,680 37.7 7.35 470,707 38.3 7.69 1,568,775 38.8 7.25 1,411,377 38.0 
Other Restaurant Exp 2,984.99 11,940 2.8 2,909.04 11,636 3.0 2,474.16 32,164 2.4 2,256.50 29,335 2.4 2,565.68 100,061 2.5 2,719.87 106,075 2.9 
- Ofc Supplies/Postage 198.09 792 0.2 189.70 759 0.2 160.15 2,082 0.2 194.87 2,533 0.2 176.33 6,877 0.2 157.81 6,155 0.2 
- Work Comp/Pub Liab 2,536.34 10,145 2.4 2,484.33 9,937 2.5 2,040.70 26,529 2.0 1,780.08 23,141 1.9 2,129.24 83,040 2.1 2,311.94 90,166 2.4 
- Employee Incentives 51.31 205 0.0 65.90 264 0.1 62.53 813 0.1 73.46 955 0.1 62.55 2,440 0.1 45.28 1,766 0.0 
- Other 199.26 797 0.2 169.10 676 0.2 210.78 2,740 0.2 208.09 2,705 0.2 197.56 7,705 0.2 204.85 7,989 0.2 
Site/Bldg/Equip Maint 8,551.65 34,207 8.2 7,812.42 31,250 8.0 8,303.38 107,944 8.0 7,566.58 98,366 8.0 8,731.04 340,511 8.4 7,839.29 305,732 8.2 
- Utilities 3,161.94 12,648 3.0 2,819.13 11,277 2.9 2,996.55 38,955 2.9 2,690.67 34,979 2.8 3,175.63 123,850 3.1 2,924.06 114,038 3.1 
- Building/Site Repair 1,271.85 5,087 1.2 1,347.22 5,389 1.4 1,247.16 16,213 1.2 1,189.44 15,463 1.3 1,365.45 53,253 1.3 1,090.99 42,549 1.1 
- Equipment Repairs 711.25 2,845 0.7 692.59 2,770 0.7 651.94 8,475 0.6 614.09 7,983 0.6 677.48 26,422 0.7 631.07 24,612 0.7 
- Contract Services 1,253.58 5,014 1.2 1,047.93 4,192 1.1 1,175.18 15,277 1.1 1,125.76 14,635 1.2 1,038.53 40,502 1.0 986.04 38,455 1.0 
- Depreciation 2,153.04 8,612 2.1 1,905.54 7,622 1.9 2,232.54 29,023 2.2 1,946.61 25,306 2.1 2,473.95 96,484 2.4 2,207.13 86,078 2.3 
Indirect Labor 12,237.70 48,951 11.7 12,155.59 48,622 12.4 12,029.80 156,387 11.6 11,998.29 155,978 12.7 11,609.54 452,772 11.2 11,793.03 459,928 12.4 
- Salary 4,800.00 19,200 4.6 4,800.00 19,200 4.9 4,800.00 62,400 4.6 4,800.00 62,400 5.1 4,800.00 187,200 4.6 4,800.00 187,200 5.0 
- Bonus 320.20 1,281 0.3 434.74 1,739 0.4 186.68 2,427 0.2 478.71 6,223 0.5 64.77 2,526 0.1 520.45 20,298 0.5 
- Other 7,117.51 28,470 6.8 6,920.85 27,683 7.1 7,043.11 91,560 6.8 6,719.59 87,355 7.1 6,744.78 263,046 6.5 6,472.58 252,431 6.8 
Indirect Operating Expenses 475.51 1,902 0.5 368.64 1,475 0.4 314.65 4,090 0.3 405.12 5,267 0.4 314.79 12,277 0.3 319.82 12,473 0.3 
- Pre-Opening/Closing 0.00 0 0.0 0.00 0 0.0 0.00 0 0.0 0.00 0 0.0 0.00 0 0.0 0.00 0 0.0 
- Other 475.51 1,902 0.5 368.64 1,475 0.4 314.65 4,090 0.3 405.12 5,267 0.4 314.79 12,277 0.3 319.82 12,473 0.3 
Marketing Expenses 5,247.55 20,990 5.0 5,003.06 20,012 5.1 5,248.68 68,233 5.1 4,978.70 64,723 5.3 5,226.18 203,821 5.0 5,020.29 195,791 5.3 
Performance Earnings 10,175.66 40,703 9.7 9,391.50 37,566 9.6 10,681.69 138,862 10.3 9,003.01 117,039 9.5 11,777.76 459,333 11.4 8,496.84 331,377 8.9 
Occupancy 6,231.38 24,926 5.9 5,460.82 21,843 5.6 6,426.29 83,542 6.2 5,208.69 67,713 5.5 5,886.94 229,591 5.7 4,948.12 192,977 5.2 
Restaurant Earnings 3,944.28 15,777 3.8 3,930.67 15,723 4.0 4,255.40 55,320 4.1 3,794.32 49,326 4.0 5,890.82 229,742 5.7 3,548.72 138,400 3.7


 Darden Restaurants - US Ops3 
Restaurant P&L - Olive Garden (GST/OP.WK/%)August 03, 2018 

0021377 (Silverdale) Current Period: JUL-2018 Currency: USD 03:08 
OG Portland Div - Region 88 
JUL-2018 JUN-2018 MAY-2018 APR-2018 MAR-2018 FEB-2018 JAN-2018 DEC-2017 NOV-2017 OCT-2017 SEP-2017 AUG-2017 JUL-2017 
Average Weekly Sales 116,467 116,959 103,097 119,900 119,593 100,205 104,019 107,333 104,586 113,953 108,906 98,854 105,710 
Guest Count 5,194 5,253 4,993 5,476 5,498 5,085 5,026 5,321 5,279 5,203 5,294 4,851 5,046 
Operating Weeks 4 5 4 4 5 4 4 5 4 4 5 4 4 
Food / Other Sales 16.84 16.12 15.74 16.80 15.51 14.98 15.56 14.62 14.58 16.63 15.50 15.23 15.19 
Add-on Sales 5.59 6.14 4.91 5.10 6.25 4.73 5.14 5.55 5.23 5.28 5.07 5.15 5.76 
Total Gross Sales 22.42 22.27 20.65 21.90 21.75 19.71 20.70 20.17 19.81 21.90 20.57 20.38 20.95 
Total Discounts -1.05 -1.05 -0.97 -1.03 -1.02 -0.93 -0.97 -0.95 -0.93 -1.03 -0.97 -0.96 -0.98 
Net Sales 21.37 21.22 19.68 20.87 20.73 18.78 19.72 19.22 18.88 20.87 19.60 19.42 19.96 
Memo - Alc Bev Sales 1.41 1.36 1.48 1.41 1.50 1.52 1.54 1.42 1.38 1.32 1.37 1.36 1.47 
- ToGo Sales 12.9 % 12.9 % 12.1 % 12.4 % 15.4 % 13.1 % 15.3 % 14.7 % 15.1 % 11.9 % 13.4 % 13.0 % 14.7 % 
- Private Dining 0.0 % 0.0 % 0.0 % 0.0 % 0.0 % 0.0 % 0.0 % 0.0 % 0.0 % 0.0 % 0.0 % 0.0 % 0.0 % 
- Return/Comps -0.41 -0.41 -0.51 -0.43 -0.50 -0.41 -0.45 -0.42 -0.52 -0.50 -0.47 -0.44 -0.42 
Total Food Cost 4.39 4.21 4.16 4.12 4.33 4.41 4.46 4.18 4.19 4.51 4.12 4.09 4.48 
Total Food Cost % 24.2 % 23.0 % 22.6 % 24.6 % 22.6 % 22.7 % 22.8 % 23.0 % 23.9 % 23.7 % 23.6 % 22.4 % 23.2 % 
A vs. T % 10.2 % 8.3 % 7.9 % 10.9 % 8.0 % 7.6 % 7.8 % 8.4 % 11.4 % 9.3 % 10.1 % 11.4 % 9.5 % 
Total Beverage Cost % 18.2 % 18.3 % 18.9 % 17.3 % 18.9 % 18.0 % 16.1 % 19.0 % 18.6 % 17.2 % 18.8 % 17.2 % 18.9 % 
Bev Alc A vs. T % 11.7 % 9.8 % 4.5 % 4.8 % 17.2 % -1.2 % 10.4 % 13.6 % 4.3 % -1.1 % 2.0 % 14.7 % -0.0 % 
Total Cost Of Sales 4.86 4.76 4.69 4.64 4.82 4.96 4.91 4.70 4.72 5.01 4.62 4.57 4.94 
Total Costs Of Sales % 24.3 % 23.7 % 22.7 % 24.9 % 25.0 % 23.8 % 24.1 % 22.4 % 23.6 % 24.0 % 24.7 % 24.4 % 22.8 % 
Direct Labor - Regular 6.28 6.17 6.16 6.37 6.03 6.14 6.53 6.04 6.40 6.67 6.64 6.47 6.26 
Total Direct Labor 6.41 6.30 6.31 6.54 6.17 6.19 6.69 6.17 6.48 6.76 6.79 6.52 6.39 
Total Direct Labor % 30.6 % 32.2 % 29.5 % 29.5 % 32.6 % 32.9 % 30.6 % 29.7 % 32.3 % 32.8 % 30.5 % 31.8 % 30.6 % 
Total Hours vs. Expectation -77 -28 22 63 14 35 37 13 -64 64 -75 -32 -19 
Wage Rate 12.94 13.34 12.61 12.66 13.16 13.22 13.67 12.86 13.66 13.52 13.24 13.27 12.90 
Margin After Labor 10.10 10.16 8.69 9.69 9.74 7.63 8.12 8.35 7.68 9.10 8.19 8.33 8.63 
Margin after Labor % 42.9 % 47.3 % 41.2 % 46.7 % 43.7 % 45.9 % 43.0 % 41.2 % 41.7 % 43.9 % 46.3 % 41.1 % 42.4 % 
Variable Restaurant Expense 0.65 0.77 0.58 0.68 0.80 0.56 0.62 0.91 0.74 0.78 0.73 0.60 0.88 
Margin after Variable Rest Exp 9.45 9.39 8.11 9.02 8.94 7.07 7.50 7.44 6.95 8.32 7.45 7.73 7.75 
Margin after Variable Rest Exp % 43.2 % 42.3 % 40.6 % 41.4 % 43.6 % 38.6 % 39.9 % 39.6 % 39.6 % 38.9 % 43.9 % 40.9 % 41.0 % 
Other Restaurant Expense 1,283 512 3,042 554 443 1,098 1,311 422 2,498 2,425 3,189 1,075 2,223 
Other Restaurant Expenses % 1.4 % 3.0 % 2.9 % 0.6 % 1.3 % 2.9 % 1.1 % 1.3 % 0.6 % 1.7 % 1.5 % 0.4 % 2.8 % 
Site/Building/Equipment Maintenance 9,102 8,703 7,640 8,011 7,553 8,797 9,763 8,793 8,848 9,770 9,985 9,151 10,021 
Site/Building/Equipment Maintenance % 8.4 % 6.2 % 8.9 % 6.0 % 6.4 % 8.2 % 8.4 % 6.7 % 7.9 % 6.4 % 8.3 % 9.8 % 9.4 % 
Indirect Labor 11,278 11,778 11,293 12,113 11,110 11,832 11,002 12,648 11,551 12,661 11,205 11,734 12,393 
Indirect Labor % 10.6 % 11.0 % 10.6 % 11.3 % 12.1 % 11.8 % 11.6 % 11.7 % 10.7 % 10.6 % 11.1 % 12.1 % 11.1 % 
Indirect Op Expenses 272 337 284 303 369 339 319 304 341 293 350 307 367 
Indirect Op Expenses % 0.3 % 0.3 % 0.3 % 0.3 % 0.3 % 0.3 % 0.3 % 0.3 % 0.3 % 0.3 % 0.3 % 0.3 % 0.3 % 
Marketing Expense 5,024 4,903 4,801 5,510 5,032 5,713 6,063 4,730 5,456 5,182 5,257 6,278 6,389 
Marketing Expense % 4.6 % 4.8 % 5.6 % 4.6 % 5.3 % 5.0 % 5.2 % 5.4 % 4.9 % 5.0 % 4.7 % 5.5 % 5.7 % 
Performance Earnings 12,496 12,512 15,327 11,782 11,688 19,737 16,276 11,368 16,333 15,363 16,569 15,021 19,184 
Performance Earnings % 17.8 % 13.8 % 10.9 % 12.5 % 14.5 % 15.6 % 12.2 % 13.5 % 18.9 % 13.6 % 20.1 % 13.9 % 18.2 % 
Occupancy 5,124 5,027 6,124 5,173 5,142 5,209 5,556 5,285 5,566 5,942 6,207 5,739 5,249 
Occupancy % 5.7 % 5.1 % 5.7 % 6.0 % 5.1 % 4.7 % 5.7 % 5.2 % 5.5 % 5.7 % 5.1 % 5.7 % 4.9 % 
Restaurant Earnings 15,137 9,388 10,203 8,913 9,138 4,911 6,037 4,909 11,073 11,780 7,283 12,822 9,371 
Restaurant Earnings % 14.9 % 10.2 % 6.0 % 13.4 % 11.6 % 12.0 % 4.9 % 10.0 % 5.9 % 13.0 % 13.1 % 12.0 % 6.4 % 


