 Darden Restaurants - US Ops1 
Restaurant P&L - Olive GardenAugust 03, 2018 

0021138 (Tacoma) Current Period: FEB-2019 Currency: USD 

03:08 

OG Portland Div - Region 88 

GST/OP.WKFEB-2019 
ACTUAL 
FEB-2019 
% GST/OP.WKFEB-2018 
ACTUAL 
FEB-2018 
% GST/OP.WKACTUAL 
FEB-2019 FEB-2019 
% GST/OP.WKFEB-2018 
ACTUAL 
FEB-2018 
% GST/OP.WKFEB-2019 
ACTUAL 
FEB-2019 
% GST/OP.WKFEB-2018 
ACTUAL 
FEB-2018 
% 
Average Weekly Sales 144,800 135,298 145,489 131,888 144,809 133,333 
Guest Count 6,485 25,940 6,293 25,172 6,547 85,111 6,213 80,769 6,553 255,567 6,261 244,179 
Operating Weeks 4 4 13 13 39 39 
SALES - Food 15.23 395,099 71.6 14.77 371,722 72.1 15.41 1,311,346 72.8 14.67 1,184,680 72.5 15.09 3,855,808 71.6 14.60 3,565,440 71.9 
- Appetizers 2.05 53,126 9.6 1.98 49,747 9.6 1.96 166,825 9.3 1.84 148,217 9.1 2.01 513,334 9.5 1.99 484,843 9.8 
- Desserts 0.75 19,492 3.5 0.70 17,721 3.4 0.71 60,582 3.4 0.73 58,732 3.6 0.73 186,877 3.5 0.73 177,418 3.6 
- Total Alc Bev 1.57 40,744 7.4 1.51 38,046 7.4 1.54 131,473 7.3 1.45 117,319 7.2 1.58 402,750 7.5 1.48 362,137 7.3 
- Liquor 0.52 13,374 2.4 0.51 12,850 2.5 0.55 46,454 2.6 0.50 40,576 2.5 0.54 137,851 2.6 0.49 120,323 2.4 
- Beer 0.27 6,983 1.3 0.25 6,398 1.2 0.27 23,189 1.3 0.25 20,505 1.3 0.26 65,800 1.2 0.25 61,313 1.2 
- Wine 0.79 20,387 3.7 0.75 18,798 3.6 0.73 61,830 3.4 0.70 56,238 3.4 0.78 199,099 3.7 0.74 180,500 3.6 
- Non-Alch Bev 1.60 41,465 7.5 1.51 38,071 7.4 1.51 128,134 7.1 1.51 121,961 7.5 1.59 407,590 7.6 1.49 362,898 7.3 
- Other 1.13 29,273 5.3 1.03 25,885 5.0 1.09 92,997 5.2 1.04 83,630 5.1 1.10 281,203 5.2 1.01 247,248 5.0 
Add-On Sales 7.10 184,101 33.4 6.73 169,469 32.9 6.81 580,011 32.2 6.56 529,859 32.4 7.01 1,791,755 33.3 6.69 1,634,544 33.0 
ToGo Sales 81,189 81,197 257,179 268,973 886,271 655,249 
Private Dining 0 0 0 0 0 0 
Total Gross Sales 22.33 579,200 104.9 21.50 541,191 104.9 22.22 1,891,358 104.9 21.23 1,714,539 104.9 22.10 5,647,563 104.9 21.30 5,199,984 104.9 
- Mgr/Empl Meal -0.34 -8,711 -1.6 -0.32 -8,140 -1.6 -0.33 -28,446 -1.6 -0.32 -25,787 -1.6 -0.29 -74,322 -1.4 -0.28 -68,432 -1.4 
- Coupons -0.13 -3,267 -0.6 -0.12 -3,052 -0.6 -0.13 -10,667 -0.6 -0.12 -9,670 -0.6 -0.12 -31,852 -0.6 -0.12 -29,328 -0.6 
- Returns/Comps -0.59 -15,245 -2.8 -0.57 -14,244 -2.8 -0.58 -49,781 -2.8 -0.56 -45,127 -2.8 -0.58 -148,644 -2.8 -0.56 -136,864 -2.8 
- Other -0.00 0 -0.0 -0.00 0 -0.0 -0.00 0 -0.0 -0.00 0 -0.0 -0.04 -10,617 -0.2 -0.04 -9,776 -0.2 
Net Sales 21.28 551,977 100.0 20.49 515,755 100.0 21.18 1,802,464 100.0 20.23 1,633,956 100.0 21.06 5,382,127 100.0 20.29 4,955,584 100.0 
COS - Beef and Chicken 0.89 23,069 4.2 0.79 19,947 3.9 0.81 69,127 3.8 0.79 64,106 3.9 0.80 205,549 3.8 0.79 193,959 3.9 
- Seafood 0.49 12,783 2.3 0.52 13,011 2.5 0.49 41,439 2.3 0.46 37,196 2.3 0.50 128,796 2.4 0.49 120,378 2.4 
- Fresh Seafood 0.00 0 0.0 0.00 0 0.0 0.00 0 0.0 0.00 0 0.0 0.00 0 0.0 0.00 0 0.0 
- Other Protein 0.00 0 0.0 0.00 0 0.0 0.00 0 0.0 0.00 0 0.0 0.00 0 0.0 0.00 0 0.0 
- Total Protein 1.38 35,852 6.5 1.31 32,958 6.4 1.30 110,567 6.1 1.25 101,301 6.2 1.31 334,346 6.2 1.29 314,337 6.3 
- Non-Perishable 1.03 26,648 4.8 0.99 24,841 4.8 1.01 86,185 4.8 0.92 74,552 4.6 0.97 247,781 4.6 0.94 230,678 4.7 
- Produce 0.56 14,595 2.6 0.54 13,659 2.6 0.50 42,361 2.4 0.50 40,355 2.5 0.51 130,836 2.4 0.50 121,659 2.5 
- Dessert 0.24 6,135 1.1 0.23 5,881 1.1 0.24 20,204 1.1 0.22 17,987 1.1 0.24 61,088 1.1 0.21 51,513 1.0 
- Other/Freight 1.94 50,214 9.1 1.84 46,193 9.0 1.94 165,375 9.2 1.66 134,265 8.2 1.87 476,888 8.9 1.81 442,540 8.9 
Total Food Costs 5.14 133,444 24.2 4.91 123,533 24.0 4.99 424,691 23.6 4.56 368,461 22.6 4.89 1,250,939 23.2 4.75 1,160,726 23.4 
A vs T% 5,654 4.2 4,474 3.6 16,752 3.9 14,854 4.0 48,803 3.9 40,177 3.5 
Total Beverage Cost 0.53 13,812 16.8 0.54 13,623 17.9 0.53 45,518 17.5 0.51 40,899 17.1 0.54 138,786 17.1 0.49 119,745 16.5 
- Liquor 0.06 1,547 11.6 0.06 1,623 12.6 0.06 5,283 11.4 0.06 4,704 11.6 0.07 17,332 12.6 0.06 14,251 11.8 
- Beer 0.06 1,536 22.0 0.05 1,338 20.9 0.06 4,995 21.5 0.06 4,901 23.9 0.05 13,338 20.3 0.05 12,322 20.1 
- Wine 0.20 5,187 25.4 0.20 4,993 26.6 0.19 16,078 26.0 0.18 14,254 25.3 0.19 47,841 24.0 0.18 45,143 25.0 
- Non-Alch Bev 0.21 5,542 13.4 0.23 5,669 14.9 0.23 19,162 15.0 0.21 17,039 14.0 0.24 60,275 14.8 0.20 48,030 13.2 
Bev Alch A vs. T% 1,069 7.7 831 6.1 4,108 9.0 3,071 7.5 13,064 9.4 14,212 11.9 
Total Cost of Sales 5.68 147,256 26.7 5.45 137,156 26.6 5.52 470,209 26.1 5.07 409,360 25.1 5.44 1,389,725 25.8 5.24 1,280,472 25.8 
Direct Labor - Regular 6.73 174,654 31.6 6.39 160,889 31.2 6.53 555,483 30.8 6.31 509,570 31.2 6.42 1,640,818 30.5 6.37 1,555,299 31.4 
- Overtime 0.07 1,877 0.3 0.11 2,655 0.5 0.06 5,516 0.3 0.07 5,491 0.3 0.13 33,317 0.6 0.10 23,265 0.5 
- Pay Compliance/WOTC 0.00 0 0.0 0.00 0 0.0 0.00 0 0.0 0.00 0 0.0 0.00 0 0.0 0.00 0 0.0 
Total Direct Labor 6.81 176,531 32.0 6.50 163,544 31.7 6.59 560,999 31.1 6.38 515,061 31.5 6.55 1,674,135 31.1 6.46 1,578,565 31.9 
Overtime Premium $ 620 876 1,820 1,812 10,995 7,678 
Overtime Hours 99 140 290 289 1,754 1,224 
Total Hours vs. Expectation 10.84 20.46 -0.82 17.62 -4.40 46.65 
Wage Rate 13.61 13.16 13.70 13.11 13.54 13.19 
Margin after Labor 8.80 228,191 41.3 8.54 215,055 41.7 9.06 771,256 42.8 8.78 709,535 43.4 9.07 2,318,268 43.1 8.59 2,096,548 42.3


 Darden Restaurants - US Ops2 
Restaurant P&L - Olive GardenAugust 03, 2018 

0021138 (Tacoma) Current Period: JUL-2018 Currency: USD 

03:08 

OG Portland Div - Region 88 

GST/OP.WKFEB-2019 
ACTUAL 
FEB-2019 
% GST/OP.WKFEB-2018 
ACTUAL 
JUL-2018 
% GST/OP.WKACTUAL 
FEB-2019 FEB-2019 
% GST/OP.WKFEB-2018 
ACTUAL 
FEB-2018 
% GST/OP.WKFEB-2019 
ACTUAL 
FEB-2019 
% GST/OP.WKFEB-2018 
ACTUAL 
FEB-2018  
% 
Variable Restaurant Expenses 0.99 25,596 4.6 0.85 21,379 4.1 0.88 75,200 4.2 0.87 70,309 4.3 0.87 223,569 4.2 0.87 212,769 4.3 
- Smallwares 0.22 5,817 1.1 0.19 4,782 0.9 0.20 16,938 0.9 0.19 15,099 0.9 0.19 47,989 0.9 0.20 48,735 1.0 
- Linen/Paper Napkins 0.10 2,482 0.4 0.10 2,484 0.5 0.08 6,522 0.4 0.08 6,516 0.4 0.10 24,396 0.5 0.10 23,505 0.5 
- Cleaning Supplies 0.10 2,709 0.5 0.10 2,529 0.5 0.10 8,620 0.5 0.13 10,727 0.7 0.13 32,063 0.6 0.10 24,732 0.5 
- Credit/Gift Card 0.41 10,600 1.9 0.31 7,698 1.5 0.35 29,398 1.6 0.30 23,933 1.5 0.32 81,143 1.5 0.31 75,206 1.5 
- Cash Short 0.06 1,485 0.3 0.07 1,647 0.3 0.07 6,041 0.3 0.05 4,404 0.3 0.05 13,168 0.2 0.07 16,543 0.3 
- Other 0.10 2,502 0.5 0.09 2,238 0.4 0.09 7,681 0.4 0.12 9,629 0.6 0.10 24,811 0.5 0.10 24,048 0.5 
Margin after Variable Exp 7.81 202,595 36.7 7.69 193,676 37.6 8.18 696,056 38.6 7.91 639,226 39.1 8.20 2,094,699 38.9 7.71 1,883,779 38.0 
Other Restaurant Exp 3,165.47 12,662 2.3 3,549.10 14,196 2.8 3,828.45 49,770 2.8 3,581.56 46,560 2.8 4,164.66 162,422 3.0 3,493.36 136,241 2.7 
- Ofc Supplies/Postage 163.15 653 0.1 157.92 632 0.1 166.06 2,159 0.1 158.51 2,061 0.1 157.88 6,157 0.1 154.24 6,015 0.1 
- Work Comp/Pub Liab 2,725.20 10,901 2.0 3,129.04 12,516 2.4 3,366.87 43,769 2.4 3,183.97 41,392 2.5 3,745.87 146,089 2.7 3,070.63 119,754 2.4 
- Employee Incentives 66.96 268 0.0 59.69 239 0.0 72.59 944 0.1 67.71 880 0.1 58.20 2,270 0.0 62.31 2,430 0.0 
- Other 210.16 841 0.2 202.45 810 0.2 222.92 2,898 0.2 171.37 2,228 0.1 202.70 7,905 0.1 206.18 8,041 0.2 
Site/Bldg/Equip Maint 11,534.51 46,138 8.4 10,179.70 40,719 7.9 11,768.38 152,989 8.5 10,040.43 130,526 8.0 11,691.47 455,967 8.5 10,282.76 401,028 8.1 
- Utilities 4,217.83 16,871 3.1 3,782.67 15,131 2.9 4,161.57 54,100 3.0 3,672.98 47,749 2.9 4,390.20 171,218 3.2 3,841.52 149,819 3.0 
- Building/Site Repair 1,665.13 6,661 1.2 1,612.09 6,448 1.3 1,499.89 19,499 1.1 1,467.87 19,082 1.2 1,730.14 67,475 1.3 1,519.13 59,246 1.2 
- Equipment Repairs 1,076.34 4,305 0.8 823.61 3,294 0.6 1,074.00 13,962 0.8 869.52 11,304 0.7 1,256.73 49,013 0.9 1,314.87 51,280 1.0 
- Contract Services 1,753.29 7,013 1.3 1,546.63 6,187 1.2 1,748.64 22,732 1.3 1,440.82 18,731 1.1 1,695.18 66,112 1.2 1,303.66 50,843 1.0 
- Depreciation 2,821.92 11,288 2.0 2,414.69 9,659 1.9 3,284.28 42,696 2.4 2,589.24 33,660 2.1 2,619.23 102,150 1.9 2,303.58 89,840 1.8 
Indirect Labor 14,281.68 57,127 10.3 13,836.65 55,347 10.7 14,174.45 184,268 10.2 13,562.17 176,308 10.8 15,302.03 596,779 11.1 13,711.91 534,765 10.8 
- Salary 4,800.00 19,200 3.5 4,800.00 19,200 3.7 4,800.00 62,400 3.5 4,800.00 62,400 3.8 4,800.00 187,200 3.5 4,800.00 187,200 3.8 
- Bonus 397.33 1,589 0.3 437.65 1,751 0.3 277.59 3,609 0.2 476.48 6,194 0.4 556.83 21,716 0.4 218.98 8,540 0.2 
- Other 9,084.35 36,337 6.6 8,599.00 34,396 6.7 9,096.87 118,259 6.6 8,285.69 107,714 6.6 9,945.20 387,863 7.2 8,692.94 339,024 6.8 
Indirect Operating Expenses 546.80 2,187 0.4 475.98 1,904 0.4 602.32 7,830 0.4 380.99 4,953 0.3 509.81 19,882 0.4 421.06 16,421 0.3 
- Pre-Opening/Closing 0.00 0 0.0 0.00 0 0.0 0.00 0 0.0 0.00 0 0.0 0.00 0 0.0 0.00 0 0.0 
- Other 546.80 2,187 0.4 475.98 1,904 0.4 602.32 7,830 0.4 380.99 4,953 0.3 509.81 19,882 0.4 421.06 16,421 0.3 
Marketing Expenses 7,050.50 28,202 5.1 6,404.92 25,620 5.0 6,900.42 89,705 5.0 6,286.02 81,718 5.0 6,810.26 265,600 4.9 6,501.66 253,565 5.1 
Performance Earnings 14,069.80 56,279 10.2 13,972.67 55,891 10.8 16,268.74 211,494 11.7 15,320.08 199,161 12.2 15,232.00 594,048 11.0 13,891.27 541,759 10.9 
Occupancy 6,952.34 27,809 5.0 6,679.25 26,717 5.2 7,941.07 103,234 5.7 7,344.94 95,484 5.8 8,355.47 325,863 6.1 7,206.76 281,064 5.7 
Restaurant Earnings 7,117.46 28,470 5.2 7,293.42 29,174 5.7 8,327.68 108,260 6.0 7,975.14 103,677 6.3 6,876.52 268,184 5.0 6,684.50 260,696 5.3


 Darden Restaurants - US Ops3 
Restaurant P&L - Olive Garden (GST/OP.WK/%)August 03, 2018 

0021138 (Tacoma) Current Period: JUL-2018 Currency: USD 03:08 
OG Portland Div - Region 88 
JUL-2018 JUN-2018 MAY-2018 APR-2018 MAR-2018 FEB-2018 JAN-2018 DEC-2017 NOV-2017 OCT-2017 SEP-2017 AUG-2017 JUL-2017 
Average Weekly Sales 139,406 137,196 144,722 144,534 142,026 141,075 140,391 149,670 140,023 138,881 144,206 141,607 147,899 
Guest Count 6,630 6,465 6,459 6,458 6,612 6,260 6,284 6,727 6,216 6,450 6,445 6,491 6,374 
Operating Weeks 4 5 4 4 5 4 4 5 4 4 5 4 4 
Food / Other Sales 15.69 16.23 16.85 16.63 15.84 17.35 16.88 15.82 17.07 15.56 16.61 16.03 17.00 
Add-on Sales 5.34 4.99 5.56 5.75 5.64 5.19 5.46 6.43 5.46 5.97 5.76 5.78 6.20 
Total Gross Sales 21.03 21.22 22.41 22.38 21.48 22.54 22.34 22.25 22.53 21.53 22.37 21.82 23.20 
Total Discounts -0.99 -1.00 -1.05 -1.05 -1.01 -1.06 -1.05 -1.05 -1.06 -1.01 -1.05 -1.03 -1.09 
Net Sales 20.04 20.22 21.35 21.33 20.47 21.48 21.29 21.20 21.47 20.52 21.32 20.79 22.11 
Memo - Alc Bev Sales 1.51 1.53 1.50 1.32 1.34 1.43 1.41 1.35 1.37 1.41 1.42 1.33 1.33 
- ToGo Sales 14.7 % 14.0 % 13.9 % 15.1 % 13.0 % 12.4 % 12.5 % 14.4 % 12.4 % 12.7 % 12.4 % 14.9 % 12.3 % 
- Private Dining 0.0 % 0.0 % 0.0 % 0.0 % 0.0 % 0.0 % 0.0 % 0.0 % 0.0 % 0.0 % 0.0 % 0.0 % 0.0 % 
- Return/Comps -0.45 -0.52 -0.47 -0.44 -0.49 -0.50 -0.47 -0.49 -0.44 -0.46 -0.48 -0.42 -0.51 
Total Food Cost 4.50 4.49 4.07 4.13 4.17 4.38 4.32 4.41 4.10 4.17 4.31 4.32 4.52 
Total Food Cost % 23.4 % 23.3 % 22.2 % 24.9 % 23.6 % 24.7 % 24.2 % 22.2 % 22.6 % 22.9 % 24.5 % 24.4 % 24.5 % 
A vs. T % 10.8 % 8.5 % 11.6 % 10.8 % 8.3 % 7.9 % 7.6 % 9.0 % 9.7 % 10.7 % 8.4 % 11.5 % 10.9 % 
Total Beverage Cost % 16.1 % 16.6 % 16.9 % 16.2 % 18.4 % 18.4 % 17.0 % 18.1 % 16.2 % 17.6 % 17.2 % 17.2 % 16.9 % 
Bev Alc A vs. T % 9.0 % 13.5 % 5.6 % 9.2 % 3.0 % -0.5 % 15.0 % -0.4 % 2.2 % 0.8 % 1.6 % 17.1 % 9.7 % 
Total Cost Of Sales 4.99 5.01 4.59 4.64 4.68 4.85 4.82 4.87 4.63 4.63 4.77 4.80 5.03 
Total Costs Of Sales % 22.6 % 22.4 % 23.6 % 22.9 % 23.0 % 23.9 % 23.0 % 24.4 % 22.6 % 23.1 % 25.0 % 22.3 % 22.2 % 
Direct Labor - Regular 6.64 6.31 6.23 6.36 6.37 6.36 6.28 6.41 6.27 6.26 6.28 6.64 6.50 
Total Direct Labor 6.81 6.37 6.34 6.51 6.51 6.48 6.45 6.48 6.41 6.39 6.38 6.73 6.68 
Total Direct Labor % 31.1 % 31.2 % 30.2 % 32.9 % 32.8 % 30.3 % 29.5 % 31.6 % 33.3 % 30.4 % 29.3 % 29.8 % 33.1 % 
Total Hours vs. Expectation 43 -1 41 62 51 -10 12 72 -2 27 -16 71 -59 
Wage Rate 13.58 12.98 13.26 12.96 12.82 13.43 13.44 13.28 12.73 13.11 13.10 13.31 13.35 
Margin After Labor 8.23 8.84 10.42 10.18 9.28 10.15 10.02 9.86 10.44 9.50 10.17 9.26 10.41 
Margin after Labor % 41.3 % 46.6 % 44.3 % 42.6 % 47.7 % 41.6 % 47.2 % 48.0 % 44.3 % 41.9 % 41.5 % 45.2 % 44.1 % 
Variable Restaurant Expense 0.56 0.70 0.90 0.67 0.64 0.63 0.60 0.79 0.85 0.88 0.86 0.79 0.89 
Margin after Variable Rest Exp 7.68 8.14 9.52 9.51 8.64 9.52 9.42 9.07 9.58 8.63 9.32 8.46 9.52 
Margin after Variable Rest Exp % 41.5 % 44.8 % 43.4 % 41.8 % 43.4 % 39.9 % 38.3 % 39.9 % 38.3 % 38.4 % 43.9 % 37.2 % 44.7 % 
Other Restaurant Expense 3,179 1,438 2,563 457 1,683 463 2,201 1,189 3,106 2,800 1,072 770 420 
Other Restaurant Expenses % 1.2 % 1.1 % 2.2 % 1.3 % 2.5 % 1.1 % 2.2 % 0.8 % 2.8 % 2.6 % 1.1 % 0.5 % 2.9 % 
Site/Building/Equipment Maintenance 8,221 10,330 9,091 8,136 10,490 9,202 7,040 9,088 10,311 7,101 9,104 9,807 6,855 
Site/Building/Equipment Maintenance % 7.7 % 7.3 % 9.8 % 8.3 % 9.4 % 9.3 % 8.3 % 6.9 % 8.3 % 6.3 % 6.2 % 8.1 % 6.1 % 
Indirect Labor 11,587 11,046 12,809 11,574 11,312 11,892 12,252 11,475 12,161 12,399 12,207 12,680 12,190 
Indirect Labor % 11.3 % 11.8 % 11.3 % 11.9 % 10.8 % 10.8 % 11.5 % 10.8 % 11.8 % 10.8 % 11.3 % 11.4 % 11.6 % 
Indirect Op Expenses 279 328 364 280 356 330 354 308 311 305 371 364 364 
Indirect Op Expenses % 0.3 % 0.3 % 0.3 % 0.3 % 0.3 % 0.3 % 0.3 % 0.3 % 0.3 % 0.3 % 0.3 % 0.3 % 0.3 % 
Marketing Expense 6,009 5,822 6,346 5,306 5,867 6,185 6,131 5,917 5,653 5,830 5,363 5,798 5,409 
Marketing Expense % 5.7 % 5.2 % 5.2 % 5.3 % 5.1 % 5.6 % 5.3 % 4.9 % 5.0 % 5.7 % 4.6 % 5.7 % 5.6 % 
Performance Earnings 13,870 14,239 11,022 12,079 14,765 16,564 13,220 17,830 11,045 20,966 17,658 20,337 15,426 
Performance Earnings % 11.4 % 15.7 % 15.5 % 19.6 % 15.2 % 14.8 % 15.2 % 16.6 % 17.2 % 15.2 % 10.2 % 10.1 % 19.5 % 
Occupancy 5,305 5,403 5,365 5,475 5,950 5,762 5,625 6,087 6,182 5,782 5,256 5,348 5,764 
Occupancy % 5.8 % 4.6 % 5.3 % 6.0 % 5.7 % 5.6 % 4.8 % 5.1 % 4.7 % 4.8 % 4.6 % 5.1 % 5.8 % 
Restaurant Earnings 10,839 8,826 4,922 6,365 12,615 12,889 8,454 10,910 17,032 10,925 9,791 12,806 5,773 
Restaurant Earnings % 14.3 % 9.4 % 8.5 % 5.9 % 7.2 % 13.7 % 6.7 % 15.5 % 12.6 % 6.8 % 8.4 % 7.4 % 13.7 % 


