 Darden Restaurants - US Ops1 
Restaurant P&L - Olive GardenAugust 03, 2018 

0021584 (Tukwila, WA) Current Period: FEB-2019 Currency: USD 

03:08 

OG Portland Div - Region 88 

GST/OP.WKFEB-2019 
ACTUAL 
FEB-2019 
% GST/OP.WKFEB-2018 
ACTUAL 
FEB-2018 
% GST/OP.WKACTUAL 
FEB-2019 FEB-2019 
% GST/OP.WKFEB-2018 
ACTUAL 
FEB-2018 
% GST/OP.WKFEB-2019 
ACTUAL 
FEB-2019 
% GST/OP.WKFEB-2018 
ACTUAL 
FEB-2018 
% 
Average Weekly Sales 154,353 138,366 152,354 141,553 152,243 147,087 
Guest Count 6,687 26,748 6,281 25,124 6,681 86,853 6,427 83,551 6,660 259,740 6,705 261,495 
Operating Weeks 4 4 13 13 39 39 
SALES - Food 15.68 419,312 71.3 15.10 379,351 71.9 15.76 1,368,986 72.5 15.23 1,272,137 72.5 15.70 4,077,894 72.1 15.19 3,971,422 72.6 
- Appetizers 2.16 57,707 9.8 2.03 51,091 9.7 2.05 178,327 9.4 1.94 161,967 9.2 2.12 551,747 9.8 1.90 495,855 9.1 
- Desserts 0.78 20,907 3.6 0.73 18,272 3.5 0.78 67,608 3.6 0.74 62,027 3.5 0.75 193,515 3.4 0.72 188,383 3.4 
- Total Alc Bev 1.63 43,565 7.4 1.51 37,885 7.2 1.58 137,309 7.3 1.52 127,268 7.3 1.60 414,543 7.3 1.55 405,112 7.4 
- Liquor 0.54 14,338 2.4 0.52 13,003 2.5 0.54 47,014 2.5 0.53 44,143 2.5 0.55 142,565 2.5 0.54 141,295 2.6 
- Beer 0.28 7,414 1.3 0.26 6,537 1.2 0.28 24,512 1.3 0.27 22,668 1.3 0.28 72,699 1.3 0.26 66,983 1.2 
- Wine 0.82 21,813 3.7 0.73 18,345 3.5 0.76 65,784 3.5 0.72 60,457 3.4 0.77 199,279 3.5 0.75 196,834 3.6 
- Non-Alch Bev 1.68 44,821 7.6 1.58 39,665 7.5 1.55 134,784 7.1 1.52 127,210 7.3 1.56 404,796 7.2 1.48 386,545 7.1 
- Other 1.16 31,101 5.3 1.08 27,200 5.2 1.08 93,587 5.0 1.07 89,584 5.1 1.14 294,998 5.2 1.11 289,066 5.3 
Add-On Sales 7.41 198,101 33.7 6.93 174,112 33.0 7.04 611,615 32.4 6.80 568,057 32.4 7.16 1,859,599 32.9 6.75 1,764,961 32.3 
ToGo Sales 96,147 75,572 316,497 261,506 861,385 859,798 
Private Dining 0 0 0 0 0 0 
Total Gross Sales 23.08 617,413 104.9 22.03 553,464 104.9 22.80 1,980,601 104.9 22.02 1,840,194 104.9 22.86 5,937,494 104.9 21.94 5,736,383 104.9 
- Mgr/Empl Meal -0.35 -9,286 -1.6 -0.33 -8,324 -1.6 -0.34 -29,788 -1.6 -0.33 -27,677 -1.6 -0.30 -78,137 -1.4 -0.29 -75,491 -1.4 
- Coupons -0.13 -3,482 -0.6 -0.12 -3,122 -0.6 -0.13 -11,171 -0.6 -0.12 -10,379 -0.6 -0.13 -33,487 -0.6 -0.12 -32,353 -0.6 
- Returns/Comps -0.61 -16,250 -2.8 -0.58 -14,567 -2.8 -0.60 -52,129 -2.8 -0.58 -48,434 -2.8 -0.60 -156,275 -2.8 -0.58 -150,982 -2.8 
- Other -0.00 0 -0.0 -0.00 0 -0.0 -0.00 0 -0.0 -0.00 0 -0.0 -0.04 -11,162 -0.2 -0.04 -10,784 -0.2 
Net Sales 22.00 588,394 100.0 20.99 527,451 100.0 21.73 1,887,513 100.0 20.99 1,753,705 100.0 21.78 5,658,431 100.0 20.91 5,466,773 100.0 
COS - Beef and Chicken 0.89 23,778 4.0 0.84 21,198 4.0 0.89 77,660 4.1 0.88 73,496 4.2 0.89 232,168 4.1 0.88 229,344 4.2 
- Seafood 0.55 14,640 2.5 0.52 13,174 2.5 0.53 45,963 2.4 0.48 40,412 2.3 0.53 138,205 2.4 0.52 136,357 2.5 
- Fresh Seafood 0.00 0 0.0 0.00 0 0.0 0.00 0 0.0 0.00 0 0.0 0.00 0 0.0 0.00 0 0.0 
- Other Protein 0.00 0 0.0 0.00 0 0.0 0.00 0 0.0 0.00 0 0.0 0.00 0 0.0 0.00 0 0.0 
- Total Protein 1.44 38,418 6.5 1.37 34,372 6.5 1.42 123,623 6.5 1.36 113,908 6.5 1.43 370,373 6.5 1.40 365,702 6.7 
- Non-Perishable 1.01 26,926 4.6 1.02 25,559 4.8 0.96 83,418 4.4 0.97 80,834 4.6 1.05 272,300 4.8 0.96 250,966 4.6 
- Produce 0.56 14,927 2.5 0.50 12,437 2.4 0.55 48,029 2.5 0.55 46,175 2.6 0.55 142,972 2.5 0.50 131,436 2.4 
- Dessert 0.23 6,166 1.0 0.22 5,519 1.0 0.24 20,699 1.1 0.23 18,925 1.1 0.23 60,136 1.1 0.24 63,434 1.2 
- Other/Freight 1.97 52,731 9.0 1.72 43,316 8.2 1.95 169,566 9.0 1.75 146,346 8.3 1.89 490,509 8.7 1.73 453,690 8.3 
Total Food Costs 5.20 139,168 23.7 4.82 121,203 23.0 5.13 445,335 23.6 4.86 406,187 23.2 5.14 1,336,290 23.6 4.84 1,265,227 23.1 
A vs T% 5,959 4.3 5,687 4.7 15,352 3.4 14,356 3.5 58,305 4.4 47,165 3.7 
Total Beverage Cost 0.58 15,621 17.7 0.52 13,115 16.9 0.53 46,070 16.9 0.53 44,158 17.4 0.54 140,945 17.2 0.53 137,842 17.4 
- Liquor 0.07 1,846 12.9 0.06 1,599 12.3 0.06 5,233 11.1 0.07 5,679 12.9 0.07 17,578 12.3 0.07 17,071 12.1 
- Beer 0.06 1,678 22.6 0.06 1,440 22.0 0.06 5,311 21.7 0.06 5,198 22.9 0.06 15,459 21.3 0.06 15,380 23.0 
- Wine 0.21 5,491 25.2 0.19 4,675 25.5 0.20 17,355 26.4 0.19 15,967 26.4 0.18 48,052 24.1 0.18 48,367 24.6 
- Non-Alch Bev 0.25 6,607 14.7 0.21 5,400 13.6 0.21 18,171 13.5 0.21 17,314 13.6 0.23 59,856 14.8 0.22 57,024 14.8 
Bev Alch A vs. T% 1,058 6.8 737 5.6 5,244 11.4 4,856 11.0 10,962 7.8 11,844 8.6 
Total Cost of Sales 5.79 154,789 26.3 5.35 134,318 25.5 5.66 491,405 26.0 5.39 450,345 25.7 5.69 1,477,235 26.1 5.37 1,403,069 25.7 
Direct Labor - Regular 6.69 179,053 30.4 6.65 167,082 31.7 6.62 575,134 30.5 6.57 548,516 31.3 6.85 1,778,683 31.4 6.54 1,709,487 31.3 
- Overtime 0.08 2,043 0.3 0.07 1,670 0.3 0.13 11,614 0.6 0.11 9,010 0.5 0.08 21,476 0.4 0.14 36,945 0.7 
- Pay Compliance/WOTC 0.00 0 0.0 0.00 0 0.0 0.00 0 0.0 0.00 0 0.0 0.00 0 0.0 0.00 0 0.0 
Total Direct Labor 6.77 181,096 30.8 6.72 168,751 32.0 6.76 586,749 31.1 6.67 557,526 31.8 6.93 1,800,159 31.8 6.68 1,746,433 31.9 
Overtime Premium $ 674 551 3,833 2,973 7,087 12,192 
Overtime Hours 108 88 611 474 1,130 1,944 
Total Hours vs. Expectation 36.94 -14.39 -1.36 43.56 46.80 47.30 
Wage Rate 13.88 13.37 13.60 13.28 13.80 12.92 
Margin after Labor 9.44 252,510 42.9 8.93 224,381 42.5 9.32 809,359 42.9 8.93 745,834 42.5 9.17 2,381,037 42.1 8.86 2,317,272 42.4


 Darden Restaurants - US Ops2 
Restaurant P&L - Olive GardenAugust 03, 2018 

0021584 (Tukwila, WA) Current Period: JUL-2018 Currency: USD 

03:08 

OG Portland Div - Region 88 

GST/OP.WKFEB-2019 
ACTUAL 
FEB-2019 
% GST/OP.WKFEB-2018 
ACTUAL 
JUL-2018 
% GST/OP.WKACTUAL 
FEB-2019 FEB-2019 
% GST/OP.WKFEB-2018 
ACTUAL 
FEB-2018 
% GST/OP.WKFEB-2019 
ACTUAL 
FEB-2019 
% GST/OP.WKFEB-2018 
ACTUAL 
FEB-2018  
% 
Variable Restaurant Expenses 0.96 25,693 4.4 0.93 23,408 4.4 1.00 86,987 4.6 0.93 77,561 4.4 1.01 262,466 4.6 0.90 235,604 4.3 
- Smallwares 0.18 4,802 0.8 0.17 4,325 0.8 0.20 17,414 0.9 0.21 17,243 1.0 0.22 55,908 1.0 0.18 47,646 0.9 
- Linen/Paper Napkins 0.10 2,669 0.5 0.10 2,531 0.5 0.09 7,991 0.4 0.08 6,872 0.4 0.09 23,662 0.4 0.08 20,327 0.4 
- Cleaning Supplies 0.12 3,200 0.5 0.11 2,777 0.5 0.12 10,134 0.5 0.12 10,172 0.6 0.14 35,292 0.6 0.10 26,881 0.5 
- Credit/Gift Card 0.38 10,170 1.7 0.37 9,250 1.8 0.42 36,661 1.9 0.34 28,034 1.6 0.39 100,444 1.8 0.39 102,165 1.9 
- Cash Short 0.05 1,424 0.2 0.06 1,542 0.3 0.05 4,731 0.3 0.06 5,159 0.3 0.06 15,312 0.3 0.05 13,966 0.3 
- Other 0.13 3,427 0.6 0.12 2,984 0.6 0.12 10,057 0.5 0.12 10,081 0.6 0.12 31,848 0.6 0.09 24,618 0.5 
Margin after Variable Exp 8.48 226,817 38.5 8.00 200,974 38.1 8.32 722,372 38.3 8.00 668,273 38.1 8.16 2,118,571 37.4 7.96 2,081,668 38.1 
Other Restaurant Exp 3,669.44 14,678 2.5 3,397.20 13,589 2.6 4,328.28 56,268 3.0 4,102.62 53,334 3.0 3,384.43 131,993 2.3 4,151.47 161,907 3.0 
- Ofc Supplies/Postage 152.36 609 0.1 161.46 646 0.1 166.36 2,163 0.1 177.25 2,304 0.1 170.74 6,659 0.1 193.55 7,549 0.1 
- Work Comp/Pub Liab 3,276.30 13,105 2.2 2,967.38 11,870 2.3 3,906.33 50,782 2.7 3,675.26 47,778 2.7 2,938.24 114,591 2.0 3,694.78 144,097 2.6 
- Employee Incentives 48.71 195 0.0 57.69 231 0.0 61.50 799 0.0 68.86 895 0.1 50.59 1,973 0.0 45.14 1,760 0.0 
- Other 192.07 768 0.1 210.68 843 0.2 194.09 2,523 0.1 181.25 2,356 0.1 224.86 8,770 0.2 218.00 8,502 0.2 
Site/Bldg/Equip Maint 12,573.85 50,295 8.5 11,214.30 44,857 8.5 12,432.90 161,628 8.6 11,400.35 148,205 8.5 12,358.22 481,971 8.5 12,030.55 469,192 8.6 
- Utilities 4,640.47 18,562 3.2 4,061.55 16,246 3.1 4,430.45 57,596 3.1 4,282.16 55,668 3.2 4,282.86 167,032 3.0 4,464.25 174,106 3.2 
- Building/Site Repair 1,884.23 7,537 1.3 1,648.37 6,593 1.3 1,690.91 21,982 1.2 1,498.23 19,477 1.1 1,512.11 58,972 1.0 1,491.06 58,151 1.1 
- Equipment Repairs 1,048.77 4,195 0.7 1,287.33 5,149 1.0 1,461.54 19,000 1.0 1,302.12 16,928 1.0 1,505.82 58,727 1.0 1,426.73 55,642 1.0 
- Contract Services 1,659.10 6,636 1.1 1,384.09 5,536 1.0 1,469.03 19,097 1.0 1,569.29 20,401 1.2 1,665.85 64,968 1.1 1,477.95 57,640 1.1 
- Depreciation 3,341.28 13,365 2.3 2,832.96 11,332 2.1 3,380.97 43,953 2.3 2,748.55 35,731 2.0 3,391.58 132,272 2.3 3,170.57 123,652 2.3 
Indirect Labor 15,472.70 61,891 10.5 14,108.32 56,433 10.7 15,131.62 196,711 10.4 14,661.41 190,598 10.9 15,843.14 617,882 10.9 14,447.61 563,457 10.3 
- Salary 4,800.00 19,200 3.3 4,800.00 19,200 3.6 4,800.00 62,400 3.3 4,800.00 62,400 3.6 4,800.00 187,200 3.3 4,800.00 187,200 3.4 
- Bonus 227.75 911 0.2 285.24 1,141 0.2 535.37 6,960 0.4 276.66 3,597 0.2 543.37 21,191 0.4 126.36 4,928 0.1 
- Other 10,444.96 41,780 7.1 9,023.08 36,092 6.8 9,796.26 127,351 6.7 9,584.75 124,602 7.1 10,499.77 409,491 7.2 9,521.25 371,329 6.8 
Indirect Operating Expenses 653.49 2,614 0.4 464.86 1,859 0.4 560.23 7,283 0.4 462.47 6,012 0.3 499.74 19,490 0.3 431.71 16,837 0.3 
- Pre-Opening/Closing 0.00 0 0.0 0.00 0 0.0 0.00 0 0.0 0.00 0 0.0 0.00 0 0.0 0.00 0 0.0 
- Other 653.49 2,614 0.4 464.86 1,859 0.4 560.23 7,283 0.4 462.47 6,012 0.3 499.74 19,490 0.3 431.71 16,837 0.3 
Marketing Expenses 7,356.41 29,426 5.0 6,332.42 25,330 4.8 7,068.87 91,895 4.9 7,102.05 92,327 5.3 7,535.64 293,890 5.2 7,013.59 273,530 5.0 
Performance Earnings 16,978.28 67,913 11.5 14,726.28 58,905 11.2 16,045.15 208,587 11.1 13,676.72 177,797 10.1 14,701.16 573,345 10.1 15,301.16 596,745 10.9 
Occupancy 7,947.24 31,789 5.4 8,120.19 32,481 6.2 7,910.77 102,840 5.4 7,392.53 96,103 5.5 7,437.55 290,064 5.1 8,105.71 316,123 5.8 
Restaurant Earnings 9,031.04 36,124 6.1 6,606.09 26,424 5.0 8,134.38 105,747 5.6 6,284.19 81,695 4.7 7,263.61 283,281 5.0 7,195.45 280,623 5.1


 Darden Restaurants - US Ops3 
Restaurant P&L - Olive Garden (GST/OP.WK/%)August 03, 2018 

0021584 (Tukwila, WA) Current Period: JUL-2018 Currency: USD 03:08 
OG Portland Div - Region 88 
JUL-2018 JUN-2018 MAY-2018 APR-2018 MAR-2018 FEB-2018 JAN-2018 DEC-2017 NOV-2017 OCT-2017 SEP-2017 AUG-2017 JUL-2017 
Average Weekly Sales 150,786 143,208 150,485 160,455 140,313 151,679 155,596 154,993 149,132 167,006 145,767 156,974 159,299 
Guest Count 6,433 6,684 6,377 6,593 6,450 6,978 6,704 6,503 6,862 6,872 6,707 6,496 6,814 
Operating Weeks 4 5 4 4 5 4 4 5 4 4 5 4 4 
Food / Other Sales 17.51 16.26 17.59 18.48 15.58 16.69 16.50 18.30 16.14 17.44 15.95 18.40 17.60 
Add-on Sales 5.93 5.17 6.01 5.86 6.17 5.05 6.71 5.53 5.59 6.87 5.78 5.77 5.78 
Total Gross Sales 23.44 21.43 23.60 24.34 21.75 21.74 23.21 23.83 21.73 24.30 21.73 24.16 23.38 
Total Discounts -1.10 -1.01 -1.11 -1.14 -1.02 -1.02 -1.09 -1.12 -1.02 -1.14 -1.02 -1.14 -1.10 
Net Sales 22.34 20.42 22.49 23.19 20.73 20.72 22.12 22.71 20.71 23.16 20.71 23.03 22.28 
Memo - Alc Bev Sales 1.34 1.49 1.36 1.40 1.51 1.49 1.38 1.43 1.48 1.48 1.36 1.53 1.40 
- ToGo Sales 12.5 % 13.5 % 11.5 % 12.4 % 11.6 % 12.7 % 12.9 % 15.2 % 12.7 % 12.3 % 14.4 % 12.2 % 12.4 % 
- Private Dining 0.0 % 0.0 % 0.0 % 0.0 % 0.0 % 0.0 % 0.0 % 0.0 % 0.0 % 0.0 % 0.0 % 0.0 % 0.0 % 
- Return/Comps -0.43 -0.43 -0.50 -0.41 -0.44 -0.44 -0.50 -0.47 -0.42 -0.42 -0.43 -0.43 -0.41 
Total Food Cost 4.51 4.42 4.18 4.23 4.17 4.08 4.39 4.12 4.55 4.16 4.20 4.34 4.37 
Total Food Cost % 23.9 % 23.4 % 22.5 % 24.6 % 23.7 % 22.7 % 22.9 % 24.8 % 23.1 % 23.1 % 22.4 % 24.5 % 23.0 % 
A vs. T % 11.6 % 11.0 % 7.9 % 9.8 % 8.8 % 9.6 % 11.9 % 10.6 % 8.1 % 9.7 % 9.1 % 8.5 % 9.3 % 
Total Beverage Cost % 16.9 % 18.7 % 18.7 % 17.7 % 17.2 % 16.9 % 16.6 % 16.5 % 18.0 % 16.6 % 16.3 % 18.2 % 18.5 % 
Bev Alc A vs. T % -0.5 % 4.9 % -0.9 % 13.1 % 5.7 % 2.8 % 5.0 % 12.4 % 13.5 % 0.5 % -1.4 % 4.6 % 17.6 % 
Total Cost Of Sales 5.03 4.96 4.64 4.75 4.67 4.54 4.89 4.63 5.08 4.65 4.68 4.85 4.84 
Total Costs Of Sales % 23.1 % 23.8 % 24.1 % 25.5 % 25.0 % 23.8 % 22.5 % 22.3 % 24.8 % 22.8 % 24.1 % 23.0 % 23.6 % 
Direct Labor - Regular 6.05 6.19 6.12 6.62 6.27 6.53 6.22 6.29 6.49 6.61 6.52 6.06 6.26 
Total Direct Labor 6.11 6.27 6.28 6.78 6.37 6.67 6.39 6.47 6.56 6.70 6.58 6.12 6.39 
Total Direct Labor % 31.6 % 29.4 % 29.5 % 33.1 % 30.1 % 31.5 % 33.0 % 32.9 % 30.7 % 31.6 % 31.4 % 32.0 % 30.1 % 
Total Hours vs. Expectation -11 56 19 -41 -86 32 -7 34 20 42 0 -17 -8 
Wage Rate 13.41 12.78 13.66 12.61 13.61 13.11 13.42 13.46 13.21 13.20 13.30 13.29 13.31 
Margin After Labor 11.20 9.20 11.57 11.66 9.69 9.50 10.83 11.61 9.07 11.81 9.45 12.06 11.05 
Margin after Labor % 41.8 % 45.8 % 45.5 % 43.7 % 41.3 % 42.9 % 46.7 % 45.9 % 42.6 % 42.6 % 42.3 % 45.9 % 42.5 % 
Variable Restaurant Expense 0.78 0.76 0.65 0.90 0.63 0.84 0.63 0.78 0.87 0.90 0.82 0.78 0.81 
Margin after Variable Rest Exp 10.42 8.43 10.92 10.76 9.06 8.66 10.20 10.83 8.20 10.91 8.62 11.28 10.24 
Margin after Variable Rest Exp % 39.9 % 38.7 % 42.5 % 40.6 % 42.5 % 44.2 % 43.3 % 39.7 % 43.2 % 41.9 % 40.3 % 44.8 % 40.4 % 
Other Restaurant Expense 2,736 2,336 761 948 708 1,299 1,520 1,586 1,079 2,586 559 1,279 905 
Other Restaurant Expenses % 2.0 % 0.8 % 1.1 % 0.5 % 0.4 % 0.6 % 1.5 % 2.6 % 1.8 % 2.7 % 2.5 % 1.2 % 1.1 % 
Site/Building/Equipment Maintenance 9,483 9,395 7,641 8,976 9,605 9,449 8,918 8,355 9,945 8,943 7,432 9,920 7,158 
Site/Building/Equipment Maintenance % 8.3 % 8.1 % 7.7 % 6.2 % 8.2 % 7.5 % 9.2 % 9.4 % 7.7 % 7.2 % 9.6 % 7.8 % 6.8 % 
Indirect Labor 11,648 11,972 12,614 12,366 11,867 11,110 12,363 12,249 12,035 11,159 12,433 12,762 11,572 
Indirect Labor % 11.6 % 10.7 % 11.8 % 11.8 % 11.0 % 11.7 % 11.4 % 11.5 % 10.6 % 12.3 % 11.6 % 11.6 % 10.9 % 
Indirect Op Expenses 290 360 310 279 373 355 351 364 280 286 279 343 335 
Indirect Op Expenses % 0.3 % 0.3 % 0.3 % 0.3 % 0.3 % 0.3 % 0.3 % 0.3 % 0.3 % 0.3 % 0.3 % 0.3 % 0.3 % 
Marketing Expense 5,808 4,788 5,173 5,300 5,847 5,547 5,284 5,819 6,202 5,625 6,063 4,934 5,845 
Marketing Expense % 4.7 % 4.8 % 4.9 % 5.0 % 5.7 % 5.0 % 5.7 % 5.1 % 5.7 % 5.7 % 4.8 % 5.0 % 5.3 % 
Performance Earnings 16,757 11,924 16,458 18,731 13,685 11,812 10,880 20,427 12,448 20,915 10,772 19,948 20,793 
Performance Earnings % 12.2 % 16.5 % 20.2 % 13.2 % 14.8 % 13.1 % 15.9 % 12.6 % 11.8 % 14.4 % 16.3 % 10.4 % 11.0 % 
Occupancy 5,382 5,713 6,200 5,615 5,925 5,565 6,207 5,903 6,166 5,464 5,535 5,594 5,714 
Occupancy % 5.2 % 4.8 % 5.1 % 5.0 % 4.8 % 5.4 % 5.8 % 5.3 % 5.6 % 5.7 % 5.8 % 5.0 % 5.0 % 
Restaurant Earnings 9,216 9,098 6,668 13,919 16,886 4,920 15,026 12,645 6,486 12,117 9,459 14,877 7,986 
Restaurant Earnings % 13.8 % 4.8 % 14.8 % 12.3 % 11.7 % 8.2 % 15.0 % 5.7 % 10.6 % 13.2 % 14.7 % 14.3 % 5.9 % 


