 Darden Restaurants - US Ops1 
Restaurant P&L - Olive GardenAugust 03, 2018 

0021584 (Tukwila, WA) Current Period: FEB-2019 Currency: USD 

03:08 

OG Portland Div - Region 88 

GST/OP.WKFEB-2019 
ACTUAL 
FEB-2019 
% GST/OP.WKFEB-2018 
ACTUAL 
FEB-2018 
% GST/OP.WKACTUAL 
FEB-2019 FEB-2019 
% GST/OP.WKFEB-2018 
ACTUAL 
FEB-2018 
% GST/OP.WKFEB-2019 
ACTUAL 
FEB-2019 
% GST/OP.WKFEB-2018 
ACTUAL 
FEB-2018 
% 
Average Weekly Sales 132,049 121,138 129,229 120,554 129,776 120,537 
Guest Count 6,065 24,260 5,801 23,204 6,029 78,377 5,899 76,687 6,052 236,028 5,911 230,529 
Operating Weeks 4 4 13 13 39 39 
SALES - Food 15.02 364,346 72.4 14.49 336,184 72.8 14.85 1,164,095 72.7 14.04 1,076,901 72.1 14.75 3,480,426 72.2 14.14 3,259,310 72.8 
- Appetizers 1.90 46,063 9.2 1.81 41,932 9.1 1.90 149,181 9.3 1.84 141,239 9.5 1.96 462,191 9.6 1.79 412,441 9.2 
- Desserts 0.74 17,954 3.6 0.67 15,488 3.4 0.68 53,588 3.3 0.70 53,529 3.6 0.73 171,876 3.6 0.66 152,349 3.4 
- Total Alc Bev 1.50 36,280 7.2 1.44 33,431 7.2 1.47 115,507 7.2 1.42 108,552 7.3 1.46 344,171 7.1 1.44 332,614 7.4 
- Liquor 0.51 12,306 2.4 0.48 11,230 2.4 0.51 39,783 2.5 0.48 36,933 2.5 0.51 120,493 2.5 0.50 114,848 2.6 
- Beer 0.27 6,468 1.3 0.25 5,800 1.3 0.25 19,845 1.2 0.24 18,451 1.2 0.25 58,419 1.2 0.25 57,275 1.3 
- Wine 0.72 17,505 3.5 0.71 16,401 3.6 0.71 55,879 3.5 0.69 53,168 3.6 0.70 165,259 3.4 0.70 160,491 3.6 
- Non-Alch Bev 1.53 37,187 7.4 1.47 34,162 7.4 1.50 117,744 7.4 1.42 109,134 7.3 1.50 354,300 7.3 1.40 321,827 7.2 
- Other 1.09 26,366 5.2 1.01 23,354 5.1 1.02 79,857 5.0 1.02 77,852 5.2 1.05 248,317 5.1 0.96 222,415 5.0 
Add-On Sales 6.75 163,850 32.6 6.39 148,368 32.1 6.58 515,877 32.2 6.39 490,306 32.8 6.70 1,580,854 32.8 6.25 1,441,646 32.2 
ToGo Sales 84,794 61,711 208,201 232,117 766,427 713,622 
Private Dining 0 0 0 0 0 0 
Total Gross Sales 21.77 528,196 104.9 20.88 484,552 104.9 21.43 1,679,972 104.9 20.44 1,567,207 104.9 21.44 5,061,280 104.9 20.39 4,700,956 104.9 
- Mgr/Empl Meal -0.33 -7,944 -1.6 -0.31 -7,288 -1.6 -0.32 -25,267 -1.6 -0.31 -23,571 -1.6 -0.28 -66,606 -1.4 -0.27 -61,865 -1.4 
- Coupons -0.12 -2,979 -0.6 -0.12 -2,733 -0.6 -0.12 -9,475 -0.6 -0.12 -8,839 -0.6 -0.12 -28,546 -0.6 -0.12 -26,513 -0.6 
- Returns/Comps -0.57 -13,902 -2.8 -0.55 -12,753 -2.8 -0.56 -44,217 -2.8 -0.54 -41,249 -2.8 -0.56 -133,213 -2.8 -0.54 -123,729 -2.8 
- Other -0.00 0 -0.0 -0.00 0 -0.0 -0.00 0 -0.0 -0.00 0 -0.0 -0.04 -9,515 -0.2 -0.04 -8,838 -0.2 
Net Sales 20.75 503,371 100.0 19.90 461,778 100.0 20.43 1,601,013 100.0 19.48 1,493,548 100.0 20.44 4,823,400 100.0 19.43 4,480,011 100.0 
COS - Beef and Chicken 0.81 19,533 3.9 0.81 18,761 4.1 0.81 63,400 4.0 0.73 56,306 3.8 0.80 188,754 3.9 0.82 188,389 4.2 
- Seafood 0.51 12,379 2.5 0.49 11,460 2.5 0.47 37,175 2.3 0.47 36,178 2.4 0.51 120,783 2.5 0.46 105,050 2.3 
- Fresh Seafood 0.00 0 0.0 0.00 0 0.0 0.00 0 0.0 0.00 0 0.0 0.00 0 0.0 0.00 0 0.0 
- Other Protein 0.00 0 0.0 0.00 0 0.0 0.00 0 0.0 0.00 0 0.0 0.00 0 0.0 0.00 0 0.0 
- Total Protein 1.32 31,912 6.3 1.30 30,221 6.5 1.28 100,575 6.3 1.21 92,484 6.2 1.31 309,536 6.4 1.27 293,440 6.5 
- Non-Perishable 0.96 23,288 4.6 0.91 21,159 4.6 0.91 71,457 4.5 0.87 66,491 4.5 0.98 230,151 4.8 0.89 205,699 4.6 
- Produce 0.49 11,857 2.4 0.50 11,570 2.5 0.53 41,339 2.6 0.51 38,933 2.6 0.49 116,646 2.4 0.47 107,465 2.4 
- Dessert 0.22 5,366 1.1 0.23 5,309 1.1 0.23 18,211 1.1 0.20 15,565 1.0 0.23 54,414 1.1 0.22 50,155 1.1 
- Other/Freight 1.81 43,894 8.7 1.71 39,589 8.6 1.76 138,264 8.6 1.77 136,007 9.1 1.73 408,083 8.5 1.62 373,431 8.3 
Total Food Costs 4.79 116,317 23.1 4.65 107,849 23.4 4.72 369,846 23.1 4.56 349,481 23.4 4.74 1,118,830 23.2 4.47 1,030,190 23.0 
A vs T% 4,478 3.8 4,000 3.7 15,384 4.2 14,066 4.0 45,957 4.1 43,315 4.2 
Total Beverage Cost 0.54 13,039 17.7 0.51 11,739 17.4 0.51 39,666 17.0 0.47 35,919 16.5 0.50 117,492 16.8 0.47 109,445 16.7 
- Liquor 0.07 1,586 12.9 0.05 1,247 11.1 0.06 4,577 11.5 0.05 4,085 11.1 0.06 14,155 11.7 0.06 13,011 11.3 
- Beer 0.06 1,421 22.0 0.06 1,378 23.8 0.06 4,702 23.7 0.05 3,737 20.3 0.06 13,892 23.8 0.06 13,372 23.3 
- Wine 0.19 4,492 25.7 0.19 4,302 26.2 0.19 15,072 27.0 0.17 13,069 24.6 0.17 41,300 25.0 0.17 40,235 25.1 
- Non-Alch Bev 0.23 5,540 14.9 0.21 4,813 14.1 0.20 15,315 13.0 0.20 15,028 13.8 0.20 48,145 13.6 0.19 42,827 13.3 
Bev Alch A vs. T% 826 6.3 643 5.5 2,515 6.3 3,216 9.0 7,237 6.2 6,010 5.5 
Total Cost of Sales 5.33 129,356 25.7 5.15 119,588 25.9 5.22 409,512 25.6 5.03 385,400 25.8 5.24 1,236,323 25.6 4.94 1,139,635 25.4 
Direct Labor - Regular 6.48 157,189 31.2 6.18 143,500 31.1 6.27 491,047 30.7 6.07 465,138 31.1 6.29 1,483,476 30.8 6.09 1,402,924 31.3 
- Overtime 0.13 3,074 0.6 0.13 2,913 0.6 0.13 10,191 0.6 0.10 7,716 0.5 0.13 30,189 0.6 0.13 29,622 0.7 
- Pay Compliance/WOTC 0.00 0 0.0 0.00 0 0.0 0.00 0 0.0 0.00 0 0.0 0.00 0 0.0 0.00 0 0.0 
Total Direct Labor 6.61 160,263 31.8 6.31 146,414 31.7 6.40 501,239 31.3 6.17 472,854 31.7 6.41 1,513,665 31.4 6.21 1,432,546 32.0 
Overtime Premium $ 1,014 961 3,363 2,546 9,962 9,775 
Overtime Hours 162 153 536 406 1,589 1,559 
Total Hours vs. Expectation -1.53 53.87 8.96 33.08 45.25 34.34 
Wage Rate 13.56 13.02 13.91 13.03 13.89 13.07 
Margin after Labor 8.81 213,752 42.5 8.44 195,776 42.4 8.81 690,262 43.1 8.28 635,294 42.5 8.78 2,073,412 43.0 8.28 1,907,830 42.6


 Darden Restaurants - US Ops2 
Restaurant P&L - Olive GardenAugust 03, 2018 

0021131 (Vancouver) Current Period: JUL-2018 Currency: USD 

03:08 

OG Portland Div - Region 88 

GST/OP.WKFEB-2019 
ACTUAL 
FEB-2019 
% GST/OP.WKFEB-2018 
ACTUAL 
JUL-2018 
% GST/OP.WKACTUAL 
FEB-2019 FEB-2019 
% GST/OP.WKFEB-2018 
ACTUAL 
FEB-2018 
% GST/OP.WKFEB-2019 
ACTUAL 
FEB-2019 
% GST/OP.WKFEB-2018 
ACTUAL 
FEB-2018  
% 
Variable Restaurant Expenses 1.00 24,276 4.8 0.87 20,161 4.4 0.84 65,658 4.1 0.86 65,677 4.4 0.92 216,351 4.5 0.85 195,117 4.4 
- Smallwares 0.22 5,272 1.0 0.15 3,544 0.8 0.18 14,288 0.9 0.21 15,919 1.1 0.21 49,173 1.0 0.18 41,159 0.9 
- Linen/Paper Napkins 0.10 2,507 0.5 0.09 2,197 0.5 0.07 5,794 0.4 0.08 6,375 0.4 0.09 22,144 0.5 0.09 20,863 0.5 
- Cleaning Supplies 0.11 2,617 0.5 0.12 2,862 0.6 0.13 10,028 0.6 0.12 9,271 0.6 0.12 28,353 0.6 0.10 22,454 0.5 
- Credit/Gift Card 0.41 10,015 2.0 0.36 8,260 1.8 0.30 23,902 1.5 0.30 23,096 1.5 0.35 81,779 1.7 0.34 77,456 1.7 
- Cash Short 0.07 1,595 0.3 0.05 1,125 0.2 0.05 4,139 0.3 0.05 3,575 0.2 0.06 13,139 0.3 0.06 14,088 0.3 
- Other 0.09 2,269 0.5 0.09 2,173 0.5 0.10 7,508 0.5 0.10 7,441 0.5 0.09 21,762 0.5 0.08 19,097 0.4 
Margin after Variable Exp 7.81 189,476 37.6 7.57 175,614 38.0 7.97 624,604 39.0 7.43 569,618 38.1 7.87 1,857,061 38.5 7.43 1,712,713 38.2 
Other Restaurant Exp 2,781.86 11,127 2.2 2,567.75 10,271 2.2 3,273.05 42,550 2.7 2,810.68 36,539 2.4 3,437.75 134,072 2.8 2,969.05 115,793 2.6 
- Ofc Supplies/Postage 198.69 795 0.2 176.56 706 0.2 168.03 2,184 0.1 191.72 2,492 0.2 163.51 6,377 0.1 168.39 6,567 0.1 
- Work Comp/Pub Liab 2,344.76 9,379 1.9 2,173.93 8,696 1.9 2,864.62 37,240 2.3 2,398.73 31,183 2.1 3,006.86 117,267 2.4 2,516.75 98,153 2.2 
- Employee Incentives 50.67 203 0.0 45.58 182 0.0 67.53 878 0.1 55.66 724 0.0 53.14 2,073 0.0 60.15 2,346 0.1 
- Other 187.74 751 0.1 171.69 687 0.1 172.87 2,247 0.1 164.57 2,139 0.1 214.24 8,355 0.2 223.76 8,727 0.2 
Site/Bldg/Equip Maint 10,379.56 41,518 8.2 9,717.43 38,870 8.4 9,882.85 128,477 8.0 9,595.86 124,746 8.4 9,834.80 383,557 8.0 9,895.73 385,933 8.6 
- Utilities 3,857.85 15,431 3.1 3,683.53 14,734 3.2 3,636.57 47,275 3.0 3,630.34 47,194 3.2 3,670.49 143,149 3.0 3,489.06 136,073 3.0 
- Building/Site Repair 1,628.69 6,515 1.3 1,213.71 4,855 1.1 1,407.65 18,299 1.1 1,329.23 17,280 1.2 1,328.81 51,824 1.1 1,601.09 62,443 1.4 
- Equipment Repairs 1,136.11 4,544 0.9 753.53 3,014 0.7 1,174.65 15,270 1.0 822.58 10,694 0.7 809.22 31,559 0.7 1,052.73 41,056 0.9 
- Contract Services 1,314.42 5,258 1.0 1,413.84 5,655 1.2 1,394.35 18,127 1.1 1,320.82 17,171 1.1 1,301.27 50,749 1.1 1,246.46 48,612 1.1 
- Depreciation 2,442.49 9,770 1.9 2,652.82 10,611 2.3 2,269.64 29,505 1.8 2,492.88 32,407 2.2 2,725.02 106,276 2.2 2,506.39 97,749 2.2 
Indirect Labor 13,232.12 52,928 10.5 13,190.26 52,761 11.4 13,760.96 178,892 11.2 13,189.67 171,466 11.5 13,654.48 532,525 11.0 13,052.94 509,065 11.4 
- Salary 4,800.00 19,200 3.8 4,800.00 19,200 4.2 4,800.00 62,400 3.9 4,800.00 62,400 4.2 4,800.00 187,200 3.9 4,800.00 187,200 4.2 
- Bonus 212.38 850 0.2 51.59 206 0.0 140.75 1,830 0.1 580.74 7,550 0.5 284.11 11,080 0.2 354.31 13,818 0.3 
- Other 8,219.74 32,879 6.5 8,338.66 33,355 7.2 8,820.21 114,663 7.2 7,808.93 101,516 6.8 8,570.38 334,245 6.9 7,898.63 308,047 6.9 
Indirect Operating Expenses 417.43 1,670 0.3 445.98 1,784 0.4 389.84 5,068 0.3 369.09 4,798 0.3 497.68 19,410 0.4 409.59 15,974 0.4 
- Pre-Opening/Closing 0.00 0 0.0 0.00 0 0.0 0.00 0 0.0 0.00 0 0.0 0.00 0 0.0 0.00 0 0.0 
- Other 417.43 1,670 0.3 445.98 1,784 0.4 389.84 5,068 0.3 369.09 4,798 0.3 497.68 19,410 0.4 409.59 15,974 0.4 
Marketing Expenses 6,336.14 25,345 5.0 5,818.87 23,275 5.0 6,383.45 82,985 5.2 6,023.30 78,303 5.2 6,551.14 255,494 5.3 6,040.03 235,561 5.3 
Performance Earnings 14,221.84 56,887 11.3 12,163.31 48,653 10.5 14,356.32 186,632 11.7 11,828.15 153,766 10.3 13,641.10 532,003 11.0 11,548.38 450,387 10.1 
Occupancy 6,344.88 25,380 5.0 6,705.56 26,822 5.8 6,827.63 88,759 5.5 6,614.72 85,991 5.8 6,491.05 253,151 5.2 7,035.04 274,367 6.1 
Restaurant Earnings 7,876.97 31,508 6.3 5,457.76 21,831 4.7 7,528.69 97,873 6.1 5,213.43 67,775 4.5 7,150.05 278,852 5.8 4,513.34 176,020 3.9


 Darden Restaurants - US Ops3 
Restaurant P&L - Olive Garden (GST/OP.WK/%)August 03, 2018 

0021131 (Vancouver) Current Period: JUL-2018 Currency: USD 03:08 
OG Portland Div - Region 88 
JUL-2018 JUN-2018 MAY-2018 APR-2018 MAR-2018 FEB-2018 JAN-2018 DEC-2017 NOV-2017 OCT-2017 SEP-2017 AUG-2017 JUL-2017 
Average Weekly Sales 118,466 121,918 129,673 121,060 131,633 120,306 127,423 138,845 128,621 139,099 136,955 126,986 115,672 
Guest Count 5,906 5,711 6,319 6,062 6,001 5,974 6,138 6,350 5,750 6,312 6,211 5,781 5,698 
Operating Weeks 4 5 4 4 5 4 4 5 4 4 5 4 4 
Food / Other Sales 14.59 16.02 15.15 14.20 16.42 15.19 15.46 15.94 16.85 16.70 16.45 16.41 15.30 
Add-on Sales 5.47 5.33 5.37 5.77 5.52 4.95 5.30 5.93 5.52 5.34 5.60 5.55 5.00 
Total Gross Sales 20.06 21.35 20.52 19.97 21.94 20.14 20.76 21.87 22.37 22.04 22.05 21.97 20.30 
Total Discounts -0.94 -1.00 -0.96 -0.94 -1.03 -0.95 -0.98 -1.03 -1.05 -1.04 -1.04 -1.03 -0.95 
Net Sales 19.12 20.34 19.56 19.03 20.90 19.19 19.78 20.84 21.32 21.00 21.01 20.93 19.35 
Memo - Alc Bev Sales 1.45 1.42 1.44 1.48 1.44 1.43 1.33 1.46 1.35 1.48 1.50 1.32 1.48 
- ToGo Sales 11.9 % 12.6 % 13.7 % 14.1 % 14.0 % 11.6 % 14.9 % 15.5 % 15.3 % 14.3 % 13.1 % 13.0 % 13.2 % 
- Private Dining 0.0 % 0.0 % 0.0 % 0.0 % 0.0 % 0.0 % 0.0 % 0.0 % 0.0 % 0.0 % 0.0 % 0.0 % 0.0 % 
- Return/Comps -0.52 -0.48 -0.43 -0.42 -0.43 -0.48 -0.51 -0.51 -0.44 -0.47 -0.44 -0.49 -0.47 
Total Food Cost 4.12 4.22 4.13 4.38 4.20 4.32 4.33 4.22 4.23 4.25 4.09 4.11 4.40 
Total Food Cost % 24.7 % 23.8 % 22.2 % 23.7 % 23.0 % 23.4 % 23.4 % 23.3 % 22.8 % 24.6 % 23.2 % 22.0 % 24.3 % 
A vs. T % 7.3 % 9.5 % 10.4 % 11.2 % 11.9 % 11.6 % 8.9 % 11.6 % 7.8 % 10.0 % 11.8 % 8.0 % 7.7 % 
Total Beverage Cost % 18.7 % 17.3 % 18.9 % 18.5 % 16.0 % 18.5 % 18.2 % 18.2 % 17.7 % 18.5 % 16.7 % 18.8 % 18.8 % 
Bev Alc A vs. T % 8.4 % -0.1 % 11.7 % 1.6 % 3.9 % 15.8 % 2.0 % 4.0 % 17.2 % 9.6 % 6.1 % 0.7 % 13.5 % 
Total Cost Of Sales 4.65 4.77 4.67 4.85 4.70 4.77 4.80 4.76 4.74 4.71 4.57 4.62 4.94 
Total Costs Of Sales % 23.9 % 23.1 % 23.6 % 23.9 % 23.2 % 25.0 % 22.4 % 22.3 % 25.5 % 24.8 % 25.4 % 25.2 % 24.4 % 
Direct Labor - Regular 6.35 6.07 6.05 6.54 6.07 6.61 6.02 6.06 6.06 6.41 6.43 6.01 6.39 
Total Direct Labor 6.44 6.16 6.14 6.60 6.18 6.69 6.15 6.13 6.24 6.58 6.59 6.11 6.45 
Total Direct Labor % 32.0 % 33.0 % 30.9 % 31.4 % 30.6 % 30.9 % 30.4 % 29.7 % 30.1 % 30.8 % 32.9 % 29.4 % 32.3 % 
Total Hours vs. Expectation 0 -35 41 -61 -20 -87 -84 -9 36 41 -89 67 -60 
Wage Rate 13.53 12.68 12.95 12.89 13.08 13.39 13.09 12.86 12.66 12.61 13.55 13.01 13.18 
Margin After Labor 8.03 9.41 8.75 7.58 10.02 7.74 8.83 9.95 10.34 9.70 9.85 10.21 7.95 
Margin after Labor % 47.5 % 42.2 % 44.7 % 43.3 % 47.3 % 44.9 % 45.7 % 46.7 % 46.6 % 43.9 % 41.2 % 47.9 % 45.3 % 
Variable Restaurant Expense 0.88 0.89 0.67 0.57 0.90 0.69 0.67 0.88 0.69 0.74 0.68 0.70 0.71 
Margin after Variable Rest Exp 7.15 8.52 8.08 7.01 9.12 7.04 8.16 9.07 9.64 8.97 9.17 9.50 7.24 
Margin after Variable Rest Exp % 37.3 % 43.1 % 39.9 % 37.9 % 44.7 % 37.8 % 44.9 % 42.2 % 44.7 % 40.6 % 42.3 % 37.2 % 43.3 % 
Other Restaurant Expense 1,234 808 2,959 2,174 2,033 3,104 2,308 2,469 578 2,188 630 1,293 1,345 
Other Restaurant Expenses % 2.5 % 1.4 % 1.2 % 2.6 % 2.8 % 2.9 % 0.9 % 2.0 % 2.4 % 1.3 % 1.1 % 2.0 % 2.2 % 
Site/Building/Equipment Maintenance 9,671 7,634 9,353 6,826 6,545 7,307 8,293 8,951 8,650 9,258 7,843 7,490 8,047 
Site/Building/Equipment Maintenance % 6.7 % 8.4 % 8.1 % 9.5 % 9.5 % 9.6 % 7.4 % 9.6 % 8.5 % 9.1 % 8.7 % 9.5 % 9.9 % 
Indirect Labor 12,881 11,997 11,008 12,680 11,805 11,550 12,743 12,284 11,268 12,410 11,716 12,376 12,840 
Indirect Labor % 11.2 % 10.9 % 11.2 % 12.3 % 10.8 % 12.1 % 11.7 % 11.6 % 11.1 % 11.0 % 10.7 % 12.2 % 10.9 % 
Indirect Op Expenses 290 318 273 365 370 286 310 348 308 358 315 316 338 
Indirect Op Expenses % 0.3 % 0.3 % 0.3 % 0.3 % 0.3 % 0.3 % 0.3 % 0.3 % 0.3 % 0.3 % 0.3 % 0.3 % 0.3 % 
Marketing Expense 5,919 5,660 5,639 4,787 6,358 5,545 5,229 5,002 4,726 5,302 5,718 4,720 5,266 
Marketing Expense % 4.8 % 4.8 % 4.5 % 4.8 % 5.2 % 5.7 % 5.1 % 5.2 % 5.3 % 5.2 % 5.6 % 5.2 % 4.9 % 
Performance Earnings 15,400 13,008 20,949 16,701 18,539 11,962 17,794 12,290 20,271 10,626 16,717 13,966 13,728 
Performance Earnings % 11.3 % 11.4 % 11.1 % 18.2 % 17.9 % 16.5 % 12.8 % 18.3 % 12.3 % 20.2 % 15.4 % 20.2 % 20.2 % 
Occupancy 5,940 5,930 5,663 5,198 5,920 5,375 5,173 5,956 6,243 5,453 5,559 5,684 5,484 
Occupancy % 4.9 % 4.8 % 4.6 % 4.6 % 5.9 % 6.0 % 5.5 % 5.5 % 5.8 % 5.6 % 5.3 % 5.9 % 5.8 % 
Restaurant Earnings 12,732 12,523 8,207 8,237 10,591 12,035 17,373 17,463 12,802 14,696 15,460 5,636 5,964 
Restaurant Earnings % 6.5 % 9.2 % 11.7 % 8.0 % 13.2 % 11.7 % 7.7 % 11.1 % 8.0 % 11.6 % 12.3 % 11.8 % 8.8 % 


